Sample	0	1	2	3	4	5	6	7	8	9	10	11	12	13	14	15	16	17	18	19	20	21	22	23	24	25	26	27	28	29	30	31	32	33	34	35	36	37	38
SRR1039508_pass_1	(2.0, 1466.0)	(3.0, 654.0)	(4.0, 1063.0)	(5.0, 1688.0)	(6.0, 3109.0)	(7.0, 5375.0)	(8.0, 7341.0)	(9.0, 9350.0)	(10.0, 10496.0)	(11.0, 12310.0)	(12.0, 12851.0)	(13.0, 13353.0)	(14.0, 14671.0)	(15.0, 15027.0)	(16.0, 16223.0)	(17.0, 16526.0)	(18.0, 17428.0)	(19.0, 18491.0)	(20.0, 20171.0)	(21.0, 22498.0)	(22.0, 25496.0)	(23.0, 30076.0)	(24.0, 36451.0)	(25.0, 45218.0)	(26.0, 56532.0)	(27.0, 71691.0)	(28.0, 92133.0)	(29.0, 118436.0)	(30.0, 153761.0)	(31.0, 200073.0)	(32.0, 261455.0)	(33.0, 344136.0)	(34.0, 498979.0)	(35.0, 766685.0)	(36.0, 1309083.0)	(37.0, 2340621.0)	(38.0, 3843346.0)	(39.0, 5527015.0)	(40.0, 6994243.0)
SRR1039508_pass_2	(2.0, 57104.0)	(3.0, 6749.0)	(4.0, 6578.0)	(5.0, 7752.0)	(6.0, 9701.0)	(7.0, 8057.0)	(8.0, 8636.0)	(9.0, 9397.0)	(10.0, 9883.0)	(11.0, 10886.0)	(12.0, 11185.0)	(13.0, 11628.0)	(14.0, 12291.0)	(15.0, 12540.0)	(16.0, 14025.0)	(17.0, 15925.0)	(18.0, 17717.0)	(19.0, 20127.0)	(20.0, 23715.0)	(21.0, 26850.0)	(22.0, 31510.0)	(23.0, 36435.0)	(24.0, 43085.0)	(25.0, 52276.0)	(26.0, 63555.0)	(27.0, 79156.0)	(28.0, 97766.0)	(29.0, 114543.0)	(30.0, 146757.0)	(31.0, 176488.0)	(32.0, 237171.0)	(33.0, 320328.0)	(34.0, 472026.0)	(35.0, 776315.0)	(36.0, 1389388.0)	(37.0, 2524281.0)	(38.0, 4172725.0)	(39.0, 5638329.0)	(40.0, 6262641.0)
SRR1039509_pass_1	(2.0, 1575.0)	(3.0, 753.0)	(4.0, 1224.0)	(5.0, 1978.0)	(6.0, 3690.0)	(7.0, 6053.0)	(8.0, 8289.0)	(9.0, 10474.0)	(10.0, 11617.0)	(11.0, 13703.0)	(12.0, 14111.0)	(13.0, 14448.0)	(14.0, 15380.0)	(15.0, 16361.0)	(16.0, 17104.0)	(17.0, 17749.0)	(18.0, 18445.0)	(19.0, 19543.0)	(20.0, 21342.0)	(21.0, 23490.0)	(22.0, 26955.0)	(23.0, 30835.0)	(24.0, 37216.0)	(25.0, 45401.0)	(26.0, 56849.0)	(27.0, 71154.0)	(28.0, 90623.0)	(29.0, 114880.0)	(30.0, 149071.0)	(31.0, 190511.0)	(32.0, 245891.0)	(33.0, 324447.0)	(34.0, 465463.0)	(35.0, 702481.0)	(36.0, 1198344.0)	(37.0, 2128200.0)	(38.0, 3480253.0)	(39.0, 5035999.0)	(40.0, 6523805.0)
SRR1039509_pass_2	(2.0, 153299.0)	(3.0, 13440.0)	(4.0, 11475.0)	(5.0, 13059.0)	(6.0, 16101.0)	(7.0, 11743.0)	(8.0, 11068.0)	(9.0, 11606.0)	(10.0, 12337.0)	(11.0, 15412.0)	(12.0, 12911.0)	(13.0, 12747.0)	(14.0, 13200.0)	(15.0, 13478.0)	(16.0, 15906.0)	(17.0, 19507.0)	(18.0, 23222.0)	(19.0, 29027.0)	(20.0, 37187.0)	(21.0, 43108.0)	(22.0, 48770.0)	(23.0, 55124.0)	(24.0, 63554.0)	(25.0, 73396.0)	(26.0, 85522.0)	(27.0, 101046.0)	(28.0, 118323.0)	(29.0, 134549.0)	(30.0, 163617.0)	(31.0, 193629.0)	(32.0, 254295.0)	(33.0, 335538.0)	(34.0, 481624.0)	(35.0, 755684.0)	(36.0, 1296364.0)	(37.0, 2273649.0)	(38.0, 3692343.0)	(39.0, 4986578.0)	(40.0, 5552269.0)
SRR1039510_pass_1	(2.0, 1909.0)	(3.0, 870.0)	(4.0, 1393.0)	(5.0, 2247.0)	(6.0, 3826.0)	(7.0, 6055.0)	(8.0, 8507.0)	(9.0, 10732.0)	(10.0, 12098.0)	(11.0, 13701.0)	(12.0, 14512.0)	(13.0, 14806.0)	(14.0, 15741.0)	(15.0, 16621.0)	(16.0, 17310.0)	(17.0, 18306.0)	(18.0, 19028.0)	(19.0, 20260.0)	(20.0, 21917.0)	(21.0, 24023.0)	(22.0, 27460.0)	(23.0, 31479.0)	(24.0, 38452.0)	(25.0, 46856.0)	(26.0, 57943.0)	(27.0, 72962.0)	(28.0, 92780.0)	(29.0, 118912.0)	(30.0, 152425.0)	(31.0, 196334.0)	(32.0, 255385.0)	(33.0, 335675.0)	(34.0, 483358.0)	(35.0, 731941.0)	(36.0, 1252960.0)	(37.0, 2254936.0)	(38.0, 3755031.0)	(39.0, 5505754.0)	(40.0, 7198114.0)
SRR1039510_pass_2	(2.0, 130149.0)	(3.0, 12194.0)	(4.0, 10246.0)	(5.0, 11588.0)	(6.0, 15323.0)	(7.0, 11365.0)	(8.0, 10960.0)	(9.0, 11438.0)	(10.0, 11794.0)	(11.0, 12862.0)	(12.0, 13262.0)	(13.0, 13471.0)	(14.0, 14189.0)	(15.0, 14463.0)	(16.0, 16681.0)	(17.0, 20090.0)	(18.0, 23501.0)	(19.0, 28879.0)	(20.0, 36766.0)	(21.0, 43218.0)	(22.0, 48435.0)	(23.0, 55032.0)	(24.0, 64026.0)	(25.0, 73556.0)	(26.0, 86382.0)	(27.0, 102869.0)	(28.0, 122170.0)	(29.0, 140073.0)	(30.0, 172929.0)	(31.0, 203676.0)	(32.0, 267987.0)	(33.0, 351381.0)	(34.0, 505539.0)	(35.0, 794857.0)	(36.0, 1367534.0)	(37.0, 2438054.0)	(38.0, 4014811.0)	(39.0, 5467535.0)	(40.0, 6113334.0)
SRR1039511_pass_1	(2.0, 1718.0)	(3.0, 824.0)	(4.0, 1323.0)	(5.0, 2099.0)	(6.0, 3843.0)	(7.0, 6176.0)	(8.0, 8602.0)	(9.0, 10805.0)	(10.0, 12072.0)	(11.0, 13479.0)	(12.0, 14140.0)	(13.0, 14783.0)	(14.0, 16038.0)	(15.0, 16618.0)	(16.0, 17454.0)	(17.0, 18227.0)	(18.0, 19065.0)	(19.0, 20157.0)	(20.0, 21388.0)	(21.0, 23470.0)	(22.0, 26435.0)	(23.0, 30298.0)	(24.0, 36243.0)	(25.0, 44663.0)	(26.0, 55629.0)	(27.0, 70568.0)	(28.0, 89418.0)	(29.0, 115038.0)	(30.0, 148281.0)	(31.0, 191724.0)	(32.0, 248382.0)	(33.0, 326228.0)	(34.0, 472256.0)	(35.0, 717156.0)	(36.0, 1220968.0)	(37.0, 2156875.0)	(38.0, 3570698.0)	(39.0, 5264465.0)	(40.0, 6911031.0)
SRR1039511_pass_2	(2.0, 37589.0)	(3.0, 6098.0)	(4.0, 6278.0)	(5.0, 6443.0)	(6.0, 7409.0)	(7.0, 7003.0)	(8.0, 8505.0)	(9.0, 9374.0)	(10.0, 9821.0)	(11.0, 10719.0)	(12.0, 11599.0)	(13.0, 11820.0)	(14.0, 12640.0)	(15.0, 13085.0)	(16.0, 14127.0)	(17.0, 14664.0)	(18.0, 16092.0)	(19.0, 18047.0)	(20.0, 21232.0)	(21.0, 24314.0)	(22.0, 28428.0)	(23.0, 33760.0)	(24.0, 40013.0)	(25.0, 48145.0)	(26.0, 59293.0)	(27.0, 73707.0)	(28.0, 91959.0)	(29.0, 108823.0)	(30.0, 138877.0)	(31.0, 163737.0)	(32.0, 215031.0)	(33.0, 298421.0)	(34.0, 452326.0)	(35.0, 732003.0)	(36.0, 1302918.0)	(37.0, 2359080.0)	(38.0, 3925815.0)	(39.0, 5411396.0)	(40.0, 6188046.0)
SRR1039512_pass_1	(2.0, 2481.0)	(3.0, 1311.0)	(4.0, 2296.0)	(5.0, 3407.0)	(6.0, 6104.0)	(7.0, 10127.0)	(8.0, 13343.0)	(9.0, 16983.0)	(10.0, 17310.0)	(11.0, 19320.0)	(12.0, 21270.0)	(13.0, 22994.0)	(14.0, 25338.0)	(15.0, 26759.0)	(16.0, 29474.0)	(17.0, 32858.0)	(18.0, 36493.0)	(19.0, 41235.0)	(20.0, 47230.0)	(21.0, 54288.0)	(22.0, 62221.0)	(23.0, 71742.0)	(24.0, 83367.0)	(25.0, 97833.0)	(26.0, 116666.0)	(27.0, 141328.0)	(28.0, 171731.0)	(29.0, 212487.0)	(30.0, 265769.0)	(31.0, 334567.0)	(32.0, 431129.0)	(33.0, 565896.0)	(34.0, 790240.0)	(35.0, 1130382.0)	(36.0, 1757432.0)	(37.0, 2914203.0)	(38.0, 4661271.0)	(39.0, 6812842.0)	(40.0, 7084555.0)
SRR1039512_pass_2	(2.0, 84040.0)	(3.0, 16162.0)	(4.0, 17196.0)	(5.0, 19113.0)	(6.0, 21233.0)	(7.0, 22179.0)	(8.0, 24508.0)	(9.0, 26686.0)	(10.0, 27566.0)	(11.0, 29659.0)	(12.0, 32002.0)	(13.0, 33792.0)	(14.0, 36000.0)	(15.0, 37338.0)	(16.0, 38719.0)	(17.0, 41160.0)	(18.0, 43444.0)	(19.0, 47664.0)	(20.0, 52082.0)	(21.0, 58472.0)	(22.0, 66136.0)	(23.0, 74514.0)	(24.0, 85735.0)	(25.0, 99754.0)	(26.0, 118212.0)	(27.0, 140206.0)	(28.0, 167077.0)	(29.0, 200853.0)	(30.0, 245701.0)	(31.0, 304237.0)	(32.0, 388149.0)	(33.0, 509646.0)	(34.0, 715594.0)	(35.0, 1034797.0)	(36.0, 1626068.0)	(37.0, 2750450.0)	(38.0, 4514734.0)	(39.0, 6678192.0)	(40.0, 7707212.0)
SRR1039513_pass_1	(2.0, 1920.0)	(3.0, 940.0)	(4.0, 1608.0)	(5.0, 2476.0)	(6.0, 4559.0)	(7.0, 8059.0)	(8.0, 10496.0)	(9.0, 12706.0)	(10.0, 13208.0)	(11.0, 14783.0)	(12.0, 16120.0)	(13.0, 17746.0)	(14.0, 19559.0)	(15.0, 21025.0)	(16.0, 23601.0)	(17.0, 26308.0)	(18.0, 29181.0)	(19.0, 33679.0)	(20.0, 37941.0)	(21.0, 43947.0)	(22.0, 50424.0)	(23.0, 59064.0)	(24.0, 69217.0)	(25.0, 81769.0)	(26.0, 98844.0)	(27.0, 120486.0)	(28.0, 148233.0)	(29.0, 183535.0)	(30.0, 228105.0)	(31.0, 284963.0)	(32.0, 357204.0)	(33.0, 456631.0)	(34.0, 604252.0)	(35.0, 820095.0)	(36.0, 1177429.0)	(37.0, 1780030.0)	(38.0, 2647662.0)	(39.0, 3716287.0)	(40.0, 3598996.0)
SRR1039513_pass_2	(2.0, 72546.0)	(3.0, 12571.0)	(4.0, 13743.0)	(5.0, 15531.0)	(6.0, 17171.0)	(7.0, 18531.0)	(8.0, 19935.0)	(9.0, 21931.0)	(10.0, 22894.0)	(11.0, 25069.0)	(12.0, 27267.0)	(13.0, 28736.0)	(14.0, 30594.0)	(15.0, 31368.0)	(16.0, 33455.0)	(17.0, 35549.0)	(18.0, 37580.0)	(19.0, 40842.0)	(20.0, 44802.0)	(21.0, 50106.0)	(22.0, 57226.0)	(23.0, 65916.0)	(24.0, 75928.0)	(25.0, 89140.0)	(26.0, 105536.0)	(27.0, 125457.0)	(28.0, 149035.0)	(29.0, 179590.0)	(30.0, 218278.0)	(31.0, 268751.0)	(32.0, 336882.0)	(33.0, 428495.0)	(34.0, 571528.0)	(35.0, 777206.0)	(36.0, 1119884.0)	(37.0, 1701953.0)	(38.0, 2566736.0)	(39.0, 3600420.0)	(40.0, 3784906.0)
SRR1039514_pass_1	(2.0, 3976.0)	(3.0, 2142.0)	(4.0, 3743.0)	(5.0, 6075.0)	(6.0, 11277.0)	(7.0, 19270.0)	(8.0, 25396.0)	(9.0, 30442.0)	(10.0, 31808.0)	(11.0, 35550.0)	(12.0, 39357.0)	(13.0, 43112.0)	(14.0, 48164.0)	(15.0, 52284.0)	(16.0, 57809.0)	(17.0, 64658.0)	(18.0, 72645.0)	(19.0, 82792.0)	(20.0, 94284.0)	(21.0, 108047.0)	(22.0, 125820.0)	(23.0, 146053.0)	(24.0, 170623.0)	(25.0, 203259.0)	(26.0, 244068.0)	(27.0, 297697.0)	(28.0, 365216.0)	(29.0, 452230.0)	(30.0, 562973.0)	(31.0, 705674.0)	(32.0, 883188.0)	(33.0, 1130911.0)	(34.0, 1497245.0)	(35.0, 2032257.0)	(36.0, 2906740.0)	(37.0, 4329221.0)	(38.0, 6323886.0)	(39.0, 8668653.0)	(40.0, 8143182.0)
SRR1039514_pass_2	(2.0, 241810.0)	(3.0, 33634.0)	(4.0, 35969.0)	(5.0, 38888.0)	(6.0, 42255.0)	(7.0, 44688.0)	(8.0, 48683.0)	(9.0, 52695.0)	(10.0, 54933.0)	(11.0, 60317.0)	(12.0, 65498.0)	(13.0, 69000.0)	(14.0, 73119.0)	(15.0, 75474.0)	(16.0, 79164.0)	(17.0, 83070.0)	(18.0, 88240.0)	(19.0, 95641.0)	(20.0, 106806.0)	(21.0, 119195.0)	(22.0, 137304.0)	(23.0, 157066.0)	(24.0, 182736.0)	(25.0, 215541.0)	(26.0, 254514.0)	(27.0, 303053.0)	(28.0, 361429.0)	(29.0, 434697.0)	(30.0, 529940.0)	(31.0, 651404.0)	(32.0, 813428.0)	(33.0, 1030678.0)	(34.0, 1376343.0)	(35.0, 1872957.0)	(36.0, 2701073.0)	(37.0, 4075625.0)	(38.0, 6091882.0)	(39.0, 8476085.0)	(40.0, 8846893.0)
SRR1039515_pass_1	(2.0, 1813.0)	(3.0, 1047.0)	(4.0, 1825.0)	(5.0, 2800.0)	(6.0, 4856.0)	(7.0, 8476.0)	(8.0, 10955.0)	(9.0, 13830.0)	(10.0, 14205.0)	(11.0, 16059.0)	(12.0, 17428.0)	(13.0, 19063.0)	(14.0, 21287.0)	(15.0, 22302.0)	(16.0, 24787.0)	(17.0, 27289.0)	(18.0, 30256.0)	(19.0, 34494.0)	(20.0, 39664.0)	(21.0, 45545.0)	(22.0, 53091.0)	(23.0, 60950.0)	(24.0, 70738.0)	(25.0, 83191.0)	(26.0, 98418.0)	(27.0, 118697.0)	(28.0, 144963.0)	(29.0, 178832.0)	(30.0, 223012.0)	(31.0, 282194.0)	(32.0, 360333.0)	(33.0, 473655.0)	(34.0, 657388.0)	(35.0, 940351.0)	(36.0, 1455185.0)	(37.0, 2412361.0)	(38.0, 3907185.0)	(39.0, 5863634.0)	(40.0, 6384855.0)
SRR1039515_pass_2	(2.0, 81140.0)	(3.0, 14638.0)	(4.0, 15213.0)	(5.0, 16758.0)	(6.0, 18397.0)	(7.0, 19296.0)	(8.0, 21474.0)	(9.0, 23110.0)	(10.0, 23479.0)	(11.0, 25701.0)	(12.0, 27465.0)	(13.0, 28425.0)	(14.0, 30723.0)	(15.0, 31715.0)	(16.0, 33188.0)	(17.0, 35043.0)	(18.0, 37029.0)	(19.0, 40282.0)	(20.0, 44022.0)	(21.0, 49013.0)	(22.0, 56018.0)	(23.0, 63900.0)	(24.0, 73665.0)	(25.0, 85593.0)	(26.0, 100991.0)	(27.0, 119795.0)	(28.0, 143329.0)	(29.0, 171566.0)	(30.0, 210771.0)	(31.0, 261389.0)	(32.0, 332402.0)	(33.0, 432068.0)	(34.0, 604224.0)	(35.0, 869388.0)	(36.0, 1359134.0)	(37.0, 2292371.0)	(38.0, 3787543.0)	(39.0, 5697887.0)	(40.0, 6848869.0)
SRR1039516_pass_1	(2.0, 2296.0)	(3.0, 1313.0)	(4.0, 2414.0)	(5.0, 3709.0)	(6.0, 6877.0)	(7.0, 12091.0)	(8.0, 16103.0)	(9.0, 20521.0)	(10.0, 20933.0)	(11.0, 23348.0)	(12.0, 25441.0)	(13.0, 28157.0)	(14.0, 31147.0)	(15.0, 33789.0)	(16.0, 37805.0)	(17.0, 42302.0)	(18.0, 47605.0)	(19.0, 54219.0)	(20.0, 61788.0)	(21.0, 70992.0)	(22.0, 82059.0)	(23.0, 94668.0)	(24.0, 110793.0)	(25.0, 129713.0)	(26.0, 155647.0)	(27.0, 189446.0)	(28.0, 232313.0)	(29.0, 288478.0)	(30.0, 357920.0)	(31.0, 449633.0)	(32.0, 570127.0)	(33.0, 738034.0)	(34.0, 995152.0)	(35.0, 1365580.0)	(36.0, 1984436.0)	(37.0, 2985659.0)	(38.0, 4416241.0)	(39.0, 6052057.0)	(40.0, 5558164.0)
SRR1039516_pass_2	(2.0, 139767.0)	(3.0, 20484.0)	(4.0, 21994.0)	(5.0, 24135.0)	(6.0, 26299.0)	(7.0, 27460.0)	(8.0, 29763.0)	(9.0, 32473.0)	(10.0, 34697.0)	(11.0, 37737.0)	(12.0, 40742.0)	(13.0, 43660.0)	(14.0, 46631.0)	(15.0, 48046.0)	(16.0, 50864.0)	(17.0, 53720.0)	(18.0, 57036.0)	(19.0, 62781.0)	(20.0, 69819.0)	(21.0, 78398.0)	(22.0, 89606.0)	(23.0, 101611.0)	(24.0, 118283.0)	(25.0, 139514.0)	(26.0, 164878.0)	(27.0, 195999.0)	(28.0, 234302.0)	(29.0, 280017.0)	(30.0, 341143.0)	(31.0, 421436.0)	(32.0, 525616.0)	(33.0, 673120.0)	(34.0, 906897.0)	(35.0, 1252107.0)	(36.0, 1845654.0)	(37.0, 2873244.0)	(38.0, 4343939.0)	(39.0, 5970517.0)	(40.0, 5874581.0)
SRR1039517_pass_1	(2.0, 2991.0)	(3.0, 1799.0)	(4.0, 3158.0)	(5.0, 5064.0)	(6.0, 9340.0)	(7.0, 16344.0)	(8.0, 22458.0)	(9.0, 27547.0)	(10.0, 28794.0)	(11.0, 31704.0)	(12.0, 34647.0)	(13.0, 37778.0)	(14.0, 41718.0)	(15.0, 45244.0)	(16.0, 49919.0)	(17.0, 55929.0)	(18.0, 62807.0)	(19.0, 71103.0)	(20.0, 81389.0)	(21.0, 94113.0)	(22.0, 108794.0)	(23.0, 127103.0)	(24.0, 147236.0)	(25.0, 174929.0)	(26.0, 210293.0)	(27.0, 254766.0)	(28.0, 313060.0)	(29.0, 386849.0)	(30.0, 483966.0)	(31.0, 608054.0)	(32.0, 766548.0)	(33.0, 989428.0)	(34.0, 1326893.0)	(35.0, 1812140.0)	(36.0, 2612040.0)	(37.0, 3849565.0)	(38.0, 5544614.0)	(39.0, 7350875.0)	(40.0, 6507261.0)
SRR1039517_pass_2	(2.0, 101027.0)	(3.0, 23437.0)	(4.0, 26221.0)	(5.0, 28901.0)	(6.0, 32166.0)	(7.0, 34551.0)	(8.0, 37743.0)	(9.0, 41536.0)	(10.0, 43438.0)	(11.0, 47211.0)	(12.0, 51653.0)	(13.0, 55259.0)	(14.0, 58671.0)	(15.0, 61341.0)	(16.0, 65041.0)	(17.0, 68718.0)	(18.0, 72911.0)	(19.0, 78824.0)	(20.0, 87425.0)	(21.0, 98377.0)	(22.0, 112433.0)	(23.0, 128128.0)	(24.0, 149875.0)	(25.0, 175358.0)	(26.0, 208139.0)	(27.0, 249021.0)	(28.0, 299540.0)	(29.0, 360372.0)	(30.0, 439863.0)	(31.0, 543184.0)	(32.0, 681837.0)	(33.0, 878044.0)	(34.0, 1184565.0)	(35.0, 1638818.0)	(36.0, 2404031.0)	(37.0, 3686367.0)	(38.0, 5479990.0)	(39.0, 7385208.0)	(40.0, 7179036.0)
SRR1039518_pass_1	(2.0, 2823.0)	(3.0, 1674.0)	(4.0, 2850.0)	(5.0, 4392.0)	(6.0, 8437.0)	(7.0, 14661.0)	(8.0, 19683.0)	(9.0, 24896.0)	(10.0, 25547.0)	(11.0, 28514.0)	(12.0, 30812.0)	(13.0, 33761.0)	(14.0, 37174.0)	(15.0, 40142.0)	(16.0, 44714.0)	(17.0, 49905.0)	(18.0, 55527.0)	(19.0, 63137.0)	(20.0, 71971.0)	(21.0, 82286.0)	(22.0, 96069.0)	(23.0, 111238.0)	(24.0, 130661.0)	(25.0, 154072.0)	(26.0, 183766.0)	(27.0, 224534.0)	(28.0, 274852.0)	(29.0, 341328.0)	(30.0, 424588.0)	(31.0, 533970.0)	(32.0, 675326.0)	(33.0, 870051.0)	(34.0, 1169237.0)	(35.0, 1599262.0)	(36.0, 2309420.0)	(37.0, 3423148.0)	(38.0, 4943038.0)	(39.0, 6538131.0)	(40.0, 5795603.0)
SRR1039518_pass_2	(2.0, 106876.0)	(3.0, 21909.0)	(4.0, 24049.0)	(5.0, 26237.0)	(6.0, 29287.0)	(7.0, 31627.0)	(8.0, 34057.0)	(9.0, 37180.0)	(10.0, 38973.0)	(11.0, 42488.0)	(12.0, 46266.0)	(13.0, 49352.0)	(14.0, 52783.0)	(15.0, 54682.0)	(16.0, 57627.0)	(17.0, 60783.0)	(18.0, 64391.0)	(19.0, 70003.0)	(20.0, 77937.0)	(21.0, 87420.0)	(22.0, 98689.0)	(23.0, 112991.0)	(24.0, 132525.0)	(25.0, 155925.0)	(26.0, 184346.0)	(27.0, 220232.0)	(28.0, 264003.0)	(29.0, 318443.0)	(30.0, 388993.0)	(31.0, 481027.0)	(32.0, 602618.0)	(33.0, 777915.0)	(34.0, 1051553.0)	(35.0, 1452018.0)	(36.0, 2134267.0)	(37.0, 3271405.0)	(38.0, 4867599.0)	(39.0, 6559199.0)	(40.0, 6353525.0)
SRR1039519_pass_1	(2.0, 2460.0)	(3.0, 1233.0)	(4.0, 2047.0)	(5.0, 3188.0)	(6.0, 5690.0)	(7.0, 9957.0)	(8.0, 13362.0)	(9.0, 16843.0)	(10.0, 17206.0)	(11.0, 18913.0)	(12.0, 20483.0)	(13.0, 22235.0)	(14.0, 24903.0)	(15.0, 26975.0)	(16.0, 29932.0)	(17.0, 33625.0)	(18.0, 37385.0)	(19.0, 42453.0)	(20.0, 48762.0)	(21.0, 55443.0)	(22.0, 64088.0)	(23.0, 73169.0)	(24.0, 86705.0)	(25.0, 101117.0)	(26.0, 121517.0)	(27.0, 148181.0)	(28.0, 181208.0)	(29.0, 225457.0)	(30.0, 282652.0)	(31.0, 356901.0)	(32.0, 450974.0)	(33.0, 582397.0)	(34.0, 785521.0)	(35.0, 1083951.0)	(36.0, 1587134.0)	(37.0, 2432588.0)	(38.0, 3599267.0)	(39.0, 4941816.0)	(40.0, 4582197.0)
SRR1039519_pass_2	(2.0, 79859.0)	(3.0, 15145.0)	(4.0, 16440.0)	(5.0, 18702.0)	(6.0, 20099.0)	(7.0, 21292.0)	(8.0, 23083.0)	(9.0, 24995.0)	(10.0, 26236.0)	(11.0, 28432.0)	(12.0, 31319.0)	(13.0, 33140.0)	(14.0, 35596.0)	(15.0, 37032.0)	(16.0, 39382.0)	(17.0, 41773.0)	(18.0, 44171.0)	(19.0, 47897.0)	(20.0, 53639.0)	(21.0, 59728.0)	(22.0, 67781.0)	(23.0, 77069.0)	(24.0, 90245.0)	(25.0, 105813.0)	(26.0, 126894.0)	(27.0, 151289.0)	(28.0, 181381.0)	(29.0, 219493.0)	(30.0, 268056.0)	(31.0, 332206.0)	(32.0, 418530.0)	(33.0, 542311.0)	(34.0, 734026.0)	(35.0, 1021180.0)	(36.0, 1512104.0)	(37.0, 2346564.0)	(38.0, 3536077.0)	(39.0, 4834401.0)	(40.0, 4856555.0)
SRR1039520_pass_1	(2.0, 2787.0)	(3.0, 1255.0)	(4.0, 2209.0)	(5.0, 3307.0)	(6.0, 6126.0)	(7.0, 10359.0)	(8.0, 13646.0)	(9.0, 16415.0)	(10.0, 17216.0)	(11.0, 19158.0)	(12.0, 20930.0)	(13.0, 23116.0)	(14.0, 25708.0)	(15.0, 27856.0)	(16.0, 30175.0)	(17.0, 33609.0)	(18.0, 37303.0)	(19.0, 41822.0)	(20.0, 47716.0)	(21.0, 54338.0)	(22.0, 63213.0)	(23.0, 72704.0)	(24.0, 84927.0)	(25.0, 101013.0)	(26.0, 121629.0)	(27.0, 149130.0)	(28.0, 186475.0)	(29.0, 230086.0)	(30.0, 288783.0)	(31.0, 365185.0)	(32.0, 462383.0)	(33.0, 594792.0)	(34.0, 797918.0)	(35.0, 1086680.0)	(36.0, 1565651.0)	(37.0, 2351108.0)	(38.0, 3428364.0)	(39.0, 4629271.0)	(40.0, 4261525.0)
SRR1039520_pass_2	(2.0, 64582.0)	(3.0, 15037.0)	(4.0, 16719.0)	(5.0, 19122.0)	(6.0, 20647.0)	(7.0, 22086.0)	(8.0, 24604.0)	(9.0, 27336.0)	(10.0, 28303.0)	(11.0, 30928.0)	(12.0, 33514.0)	(13.0, 35704.0)	(14.0, 37589.0)	(15.0, 39390.0)	(16.0, 41818.0)	(17.0, 43696.0)	(18.0, 46729.0)	(19.0, 50333.0)	(20.0, 55079.0)	(21.0, 61423.0)	(22.0, 69487.0)	(23.0, 79733.0)	(24.0, 93054.0)	(25.0, 109010.0)	(26.0, 130329.0)	(27.0, 155359.0)	(28.0, 187015.0)	(29.0, 226536.0)	(30.0, 276738.0)	(31.0, 342403.0)	(32.0, 433013.0)	(33.0, 556620.0)	(34.0, 748817.0)	(35.0, 1025381.0)	(36.0, 1487330.0)	(37.0, 2249390.0)	(38.0, 3321512.0)	(39.0, 4511992.0)	(40.0, 4557530.0)
SRR1039521_pass_1	(2.0, 3389.0)	(3.0, 1564.0)	(4.0, 2761.0)	(5.0, 4268.0)	(6.0, 7572.0)	(7.0, 13021.0)	(8.0, 16769.0)	(9.0, 20063.0)	(10.0, 20644.0)	(11.0, 22794.0)	(12.0, 24541.0)	(13.0, 27248.0)	(14.0, 29919.0)	(15.0, 32571.0)	(16.0, 35819.0)	(17.0, 39638.0)	(18.0, 43948.0)	(19.0, 49672.0)	(20.0, 57064.0)	(21.0, 65793.0)	(22.0, 77129.0)	(23.0, 89256.0)	(24.0, 104562.0)	(25.0, 123751.0)	(26.0, 148705.0)	(27.0, 180064.0)	(28.0, 220092.0)	(29.0, 273114.0)	(30.0, 337091.0)	(31.0, 418199.0)	(32.0, 523356.0)	(33.0, 663083.0)	(34.0, 877451.0)	(35.0, 1190195.0)	(36.0, 1707449.0)	(37.0, 2552112.0)	(38.0, 3714458.0)	(39.0, 5050133.0)	(40.0, 4718602.0)
SRR1039521_pass_2	(2.0, 95898.0)	(3.0, 18329.0)	(4.0, 20609.0)	(5.0, 23032.0)	(6.0, 25510.0)	(7.0, 27320.0)	(8.0, 29895.0)	(9.0, 32523.0)	(10.0, 33975.0)	(11.0, 37337.0)	(12.0, 39801.0)	(13.0, 42623.0)	(14.0, 44580.0)	(15.0, 46977.0)	(16.0, 49279.0)	(17.0, 51885.0)	(18.0, 54974.0)	(19.0, 59140.0)	(20.0, 64643.0)	(21.0, 72679.0)	(22.0, 82164.0)	(23.0, 94298.0)	(24.0, 109202.0)	(25.0, 128768.0)	(26.0, 153138.0)	(27.0, 181569.0)	(28.0, 217239.0)	(29.0, 260430.0)	(30.0, 317392.0)	(31.0, 388436.0)	(32.0, 486873.0)	(33.0, 620360.0)	(34.0, 827632.0)	(35.0, 1126196.0)	(36.0, 1625268.0)	(37.0, 2444008.0)	(38.0, 3609380.0)	(39.0, 4914167.0)	(40.0, 5030331.0)
SRR1039522_pass_1	(2.0, 4780.0)	(3.0, 2103.0)	(4.0, 3468.0)	(5.0, 5329.0)	(6.0, 8666.0)	(7.0, 13252.0)	(8.0, 16931.0)	(9.0, 20282.0)	(10.0, 20786.0)	(11.0, 23203.0)	(12.0, 24672.0)	(13.0, 26892.0)	(14.0, 29403.0)	(15.0, 30922.0)	(16.0, 33595.0)	(17.0, 36264.0)	(18.0, 39775.0)	(19.0, 44831.0)	(20.0, 50089.0)	(21.0, 57461.0)	(22.0, 65107.0)	(23.0, 73769.0)	(24.0, 85399.0)	(25.0, 99302.0)	(26.0, 117672.0)	(27.0, 140861.0)	(28.0, 171435.0)	(29.0, 212158.0)	(30.0, 264846.0)	(31.0, 332209.0)	(32.0, 425874.0)	(33.0, 557935.0)	(34.0, 778814.0)	(35.0, 1118904.0)	(36.0, 1744200.0)	(37.0, 2882834.0)	(38.0, 4599302.0)	(39.0, 6739160.0)	(40.0, 7231014.0)
SRR1039522_pass_2	(2.0, 76446.0)	(3.0, 17099.0)	(4.0, 17965.0)	(5.0, 19959.0)	(6.0, 22483.0)	(7.0, 23525.0)	(8.0, 25947.0)	(9.0, 27874.0)	(10.0, 29136.0)	(11.0, 30786.0)	(12.0, 33413.0)	(13.0, 35110.0)	(14.0, 37281.0)	(15.0, 38835.0)	(16.0, 40460.0)	(17.0, 42830.0)	(18.0, 45096.0)	(19.0, 48528.0)	(20.0, 53335.0)	(21.0, 59412.0)	(22.0, 66513.0)	(23.0, 75254.0)	(24.0, 86309.0)	(25.0, 101229.0)	(26.0, 118735.0)	(27.0, 140456.0)	(28.0, 166678.0)	(29.0, 201460.0)	(30.0, 245675.0)	(31.0, 303751.0)	(32.0, 386425.0)	(33.0, 506480.0)	(34.0, 711086.0)	(35.0, 1029611.0)	(36.0, 1621689.0)	(37.0, 2733684.0)	(38.0, 4464888.0)	(39.0, 6588008.0)	(40.0, 7860048.0)
SRR1039523_pass_1	(2.0, 2796.0)	(3.0, 1365.0)	(4.0, 2562.0)	(5.0, 3808.0)	(6.0, 6968.0)	(7.0, 11427.0)	(8.0, 14858.0)	(9.0, 18663.0)	(10.0, 19323.0)	(11.0, 21471.0)	(12.0, 23868.0)	(13.0, 25987.0)	(14.0, 28112.0)	(15.0, 30056.0)	(16.0, 32825.0)	(17.0, 36082.0)	(18.0, 40366.0)	(19.0, 45647.0)	(20.0, 52255.0)	(21.0, 59464.0)	(22.0, 69303.0)	(23.0, 79573.0)	(24.0, 93094.0)	(25.0, 108542.0)	(26.0, 129164.0)	(27.0, 155949.0)	(28.0, 190096.0)	(29.0, 235248.0)	(30.0, 294332.0)	(31.0, 371697.0)	(32.0, 475705.0)	(33.0, 623491.0)	(34.0, 867524.0)	(35.0, 1239800.0)	(36.0, 1924273.0)	(37.0, 3164842.0)	(38.0, 5051733.0)	(39.0, 7493279.0)	(40.0, 8053990.0)
SRR1039523_pass_2	(2.0, 75729.0)	(3.0, 17334.0)	(4.0, 18700.0)	(5.0, 20614.0)	(6.0, 22975.0)	(7.0, 24081.0)	(8.0, 27005.0)	(9.0, 28634.0)	(10.0, 30312.0)	(11.0, 32468.0)	(12.0, 34603.0)	(13.0, 36562.0)	(14.0, 39144.0)	(15.0, 40366.0)	(16.0, 42714.0)	(17.0, 45180.0)	(18.0, 47733.0)	(19.0, 51243.0)	(20.0, 56763.0)	(21.0, 63224.0)	(22.0, 71249.0)	(23.0, 80922.0)	(24.0, 93237.0)	(25.0, 108567.0)	(26.0, 128015.0)	(27.0, 152193.0)	(28.0, 182337.0)	(29.0, 219592.0)	(30.0, 269580.0)	(31.0, 335723.0)	(32.0, 426494.0)	(33.0, 560257.0)	(34.0, 786330.0)	(35.0, 1134414.0)	(36.0, 1784366.0)	(37.0, 2997382.0)	(38.0, 4906227.0)	(39.0, 7337707.0)	(40.0, 8769562.0)
