Sample	0	1	2	3	4	5	6	7	8	9	10	11	12	13	14	15
SRR1039508_pass_1	(1.0, 37.538608903884366)	(2.0, 12.574450363351684)	(3.0, 6.661440324001577)	(4.0, 4.124623748685067)	(5.0, 3.0533111859335844)	(6.0, 2.3628324462153047)	(7.0, 1.8948005945735333)	(8.0, 1.651728433282017)	(9.0, 1.3610301984236794)	('>10', 16.603483182577932)	('>50', 4.973933092196457)	('>100', 5.758805920233832)	('>500', 0.714409414353538)	('>1k', 0.2769286256311092)	('>5k', 0.0)	('>10k+', 0.44961356665638397)
SRR1039508_pass_2	(1.0, 39.88755011880923)	(2.0, 12.67705838941407)	(3.0, 6.613308356414853)	(4.0, 4.289876896368216)	(5.0, 2.957811567441658)	(6.0, 2.3920523424377365)	(7.0, 1.8441056099223276)	(8.0, 1.530523647253229)	(9.0, 1.3268820889259898)	('>10', 16.15399403134183)	('>50', 4.4982968014091895)	('>100', 4.819778762167905)	('>500', 0.5455740524615063)	('>1k', 0.18738437307021888)	('>5k', 0.0378704134918975)	('>10k+', 0.23793254907015599)
SRR1039509_pass_1	(1.0, 38.04506231652076)	(2.0, 12.708726626119649)	(3.0, 6.794011022148894)	(4.0, 4.304254485175319)	(5.0, 3.1388898470146462)	(6.0, 2.5461663061927395)	(7.0, 1.958151677600881)	(8.0, 1.6525749699260825)	(9.0, 1.3821885107468264)	('>10', 16.046333756447726)	('>50', 4.526787075794789)	('>100', 5.027724186825248)	('>500', 0.588297365491575)	('>1k', 0.26281285575547)	('>5k', 0.0)	('>10k+', 1.018018998239229)
SRR1039509_pass_2	(1.0, 41.28066994230483)	(2.0, 12.933405219276322)	(3.0, 6.681833878366526)	(4.0, 4.321928328043875)	(5.0, 3.040211528901614)	(6.0, 2.3397091057085424)	(7.0, 1.892756015259373)	(8.0, 1.4953042073463712)	(9.0, 1.3972384209839288)	('>10', 15.339734206124477)	('>50', 4.040101328967954)	('>100', 4.156479065595633)	('>500', 0.4122170254417152)	('>1k', 0.10212182679089739)	('>5k', 0.02662062800351309)	('>10k+', 0.539669272884367)
SRR1039510_pass_1	(1.0, 38.02177575571301)	(2.0, 12.521268037871655)	(3.0, 6.519930662273432)	(4.0, 4.243635674128184)	(5.0, 3.01868154015032)	(6.0, 2.32500805376998)	(7.0, 1.8564415472052096)	(8.0, 1.5222423760779673)	(9.0, 1.3127493219671338)	('>10', 16.127308363732222)	('>50', 4.758166371889415)	('>100', 5.774739509687539)	('>500', 0.8250447963600885)	('>1k', 0.3656550674731959)	('>5k', 0.0)	('>10k+', 0.8073529217006997)
SRR1039510_pass_2	(1.0, 41.069800111170196)	(2.0, 12.532760596180056)	(3.0, 6.451456581631532)	(4.0, 4.13105788291898)	(5.0, 2.9229327564961896)	(6.0, 2.3102445241707246)	(7.0, 1.697625670390793)	(8.0, 1.5129029146177766)	(9.0, 1.2717706198415313)	('>10', 15.58138489228471)	('>50', 4.350804371910095)	('>100', 4.878024802018464)	('>500', 0.60841122679646)	('>1k', 0.24028108798778217)	('>5k', 0.022741861191355916)	('>10k+', 0.4178001003934846)
SRR1039511_pass_1	(1.0, 38.02943714594286)	(2.0, 12.800635399889822)	(3.0, 7.023007483373718)	(4.0, 4.339738274557706)	(5.0, 3.225295450707729)	(6.0, 2.4839204955543233)	(7.0, 1.9393458605446636)	(8.0, 1.6641604483442547)	(9.0, 1.407197004249021)	('>10', 16.68825271454918)	('>50', 4.616826117515624)	('>100', 4.962518591827548)	('>500', 0.5976175661966324)	('>1k', 0.19460178806937953)	('>5k', 0.027445658677704418)	('>10k+', 0.0)
SRR1039511_pass_2	(1.0, 40.21372500325668)	(2.0, 12.937824416487178)	(3.0, 6.812847561062423)	(4.0, 4.350388652474335)	(5.0, 3.2420956417319196)	(6.0, 2.4466378455636644)	(7.0, 2.0171442441695167)	(8.0, 1.6287335352431622)	(9.0, 1.382947799905258)	('>10', 15.905667225763354)	('>50', 4.141944665961198)	('>100', 4.3578697214807995)	('>500', 0.4268898916148613)	('>1k', 0.13528379528568277)	('>5k', 0.0)	('>10k+', 0.0)
SRR1039512_pass_1	(1.0, 31.58862651105332)	(2.0, 11.618714311389294)	(3.0, 6.404887119409714)	(4.0, 4.2906407290394215)	(5.0, 3.2335609653433464)	(6.0, 2.5665990166487256)	(7.0, 2.0621124206093513)	(8.0, 1.769765094864519)	(9.0, 1.504070883018669)	('>10', 18.518198836783657)	('>50', 6.045405112221786)	('>100', 8.254135882344071)	('>500', 1.4196808236366214)	('>1k', 0.6704757396450189)	('>5k', 0.053126553992594396)	('>10k+', 0.0)
SRR1039512_pass_2	(1.0, 32.500507211619045)	(2.0, 11.4742746648694)	(3.0, 6.46712509720416)	(4.0, 4.287935571520044)	(5.0, 3.17639865053742)	(6.0, 2.382506455798951)	(7.0, 1.9567265922190193)	(8.0, 1.6153564870558201)	(9.0, 1.4469809419022084)	('>10', 18.200658646516583)	('>50', 6.084266510060735)	('>100', 8.266979743163649)	('>500', 1.433321716541357)	('>1k', 0.6866728400599174)	('>5k', 0.020288870931870817)	('>10k+', 0.0)
SRR1039513_pass_1	(1.0, 39.23383132214123)	(2.0, 12.321126093301979)	(3.0, 6.584264752723468)	(4.0, 4.406428138828678)	(5.0, 3.155337836448776)	(6.0, 2.4378025592168138)	(7.0, 1.9722475659017742)	(8.0, 1.6713914452920005)	(9.0, 1.3940579195891696)	('>10', 17.072395826061364)	('>50', 4.49965273861324)	('>100', 4.719731130567402)	('>500', 0.41771640542486294)	('>1k', 0.11401626588924245)	('>5k', 0.0)	('>10k+', 0.0)
SRR1039513_pass_2	(1.0, 40.35016680178548)	(2.0, 12.306904696314012)	(3.0, 6.432973555328653)	(4.0, 4.261871391601684)	(5.0, 3.0031372059745336)	(6.0, 2.3967983398502204)	(7.0, 2.0064574363777905)	(8.0, 1.6312227814914462)	(9.0, 1.3740071148646662)	('>10', 16.657950844600826)	('>50', 4.5081428738857054)	('>100', 4.567744409867781)	('>500', 0.41508476997787075)	('>1k', 0.08753777807939235)	('>5k', 0.0)	('>10k+', 0.0)
SRR1039514_pass_1	(1.0, 30.5016366343878)	(2.0, 11.604369309079395)	(3.0, 6.599639502378995)	(4.0, 4.659874931749833)	(5.0, 3.3147190891650413)	(6.0, 2.5905790562334037)	(7.0, 2.1844460598363256)	(8.0, 1.8428540178621362)	(9.0, 1.5216180002281314)	('>10', 18.83970959158741)	('>50', 5.983966941238155)	('>100', 8.291412329489711)	('>500', 1.3194653557588982)	('>1k', 0.5711762203957718)	('>5k', 0.0)	('>10k+', 0.174532960609136)
SRR1039514_pass_2	(1.0, 31.983814087832414)	(2.0, 11.133392122302737)	(3.0, 6.614558140730422)	(4.0, 4.382830823446219)	(5.0, 3.337581625232231)	(6.0, 2.5861353591221037)	(7.0, 2.0881967198468168)	(8.0, 1.787810170450102)	(9.0, 1.5175649558246642)	('>10', 18.32781685439955)	('>50', 5.962043611209465)	('>100', 8.233750995049096)	('>500', 1.3169290967708585)	('>1k', 0.6009551757076327)	('>5k', 0.0)	('>10k+', 0.12662026207574076)
SRR1039515_pass_1	(1.0, 36.51607640198107)	(2.0, 12.034161657740922)	(3.0, 6.495040070320096)	(4.0, 4.284521098191791)	(5.0, 3.090237017483034)	(6.0, 2.4288643243338752)	(7.0, 1.9305349947141344)	(8.0, 1.6698090885679546)	(9.0, 1.4050302902826095)	('>10', 17.12236680381216)	('>50', 5.322732367371505)	('>100', 6.513565864030971)	('>500', 0.8401647312645298)	('>1k', 0.3007976523905211)	('>5k', 0.0)	('>10k+', 0.046097637514667285)
SRR1039515_pass_2	(1.0, 37.37071740658542)	(2.0, 11.802205775356466)	(3.0, 6.426983269265024)	(4.0, 4.226210419125386)	(5.0, 3.1260933466414524)	(6.0, 2.410364945230578)	(7.0, 1.9212858142542537)	(8.0, 1.6671201093963468)	(9.0, 1.3255379030642045)	('>10', 16.922155757677228)	('>50', 5.174415709648725)	('>100', 6.403965128779135)	('>500', 0.8868123595585137)	('>1k', 0.29103422100466797)	('>5k', 0.0)	('>10k+', 0.0450978344127071)
SRR1039516_pass_1	(1.0, 32.94488974889384)	(2.0, 11.510560336024211)	(3.0, 6.530979019208126)	(4.0, 4.482248183180899)	(5.0, 3.298152659238384)	(6.0, 2.4595371054529394)	(7.0, 1.9684503722046824)	(8.0, 1.7461923853730816)	(9.0, 1.4326232197026934)	('>10', 17.178544672924417)	('>50', 5.4730840829764755)	('>100', 8.186020311603915)	('>500', 1.5414139957007662)	('>1k', 1.0057648311151546)	('>5k', 0.05566285719373898)	('>10k+', 0.18587621920683536)
SRR1039516_pass_2	(1.0, 34.07313915261253)	(2.0, 11.552140095262251)	(3.0, 6.399716468016667)	(4.0, 4.265056694423802)	(5.0, 3.284309889584755)	(6.0, 2.4220471367562415)	(7.0, 1.967833216239712)	(8.0, 1.6308404942904233)	(9.0, 1.3554814620720457)	('>10', 17.031685542916563)	('>50', 5.3935088987153)	('>100', 7.921678128319414)	('>500', 1.5138004167906962)	('>1k', 1.0298724582381962)	('>5k', 0.059858013145054685)	('>10k+', 0.09903193261643357)
SRR1039517_pass_1	(1.0, 30.78458965874634)	(2.0, 11.482048445152996)	(3.0, 6.782087438654758)	(4.0, 4.611730164532406)	(5.0, 3.4542649317173275)	(6.0, 2.7288049030564787)	(7.0, 2.131114473533539)	(8.0, 1.8411798793154934)	(9.0, 1.5474527201746584)	('>10', 19.05075261639849)	('>50', 5.8310747896844415)	('>100', 7.968893404828395)	('>500', 1.2325471751279877)	('>1k', 0.5335128435464326)	('>5k', 0.019946555530217718)	('>10k+', 0.0)
SRR1039517_pass_2	(1.0, 31.868692477866716)	(2.0, 11.100102312110282)	(3.0, 6.664717193071587)	(4.0, 4.626122375485743)	(5.0, 3.3401746164523543)	(6.0, 2.6592967586886993)	(7.0, 2.1372447141710706)	(8.0, 1.7544871528895298)	(9.0, 1.5261657633629708)	('>10', 19.11254293488506)	('>50', 5.631972679581975)	('>100', 7.762755754640368)	('>500', 1.265760472283115)	('>1k', 0.5499647945106332)	('>5k', 0.0)	('>10k+', 0.0)
SRR1039518_pass_1	(1.0, 32.83640693097044)	(2.0, 11.680629776278783)	(3.0, 6.67347052411531)	(4.0, 4.476161381282931)	(5.0, 3.3708414525133983)	(6.0, 2.5589497655222866)	(7.0, 2.122966308426161)	(8.0, 1.7588347002599973)	(9.0, 1.5075453396571088)	('>10', 18.433231495131995)	('>50', 5.6353571754272975)	('>100', 7.346424810935274)	('>500', 1.1383945003394185)	('>1k', 0.4235653939037502)	('>5k', 0.037220445235943686)	('>10k+', 0.0)
SRR1039518_pass_2	(1.0, 33.89508325727796)	(2.0, 11.383496940759505)	(3.0, 6.581583372077142)	(4.0, 4.4195858022988475)	(5.0, 3.1614718552745953)	(6.0, 2.5993409840592707)	(7.0, 2.088261129977239)	(8.0, 1.7597870328178864)	(9.0, 1.5278392050392673)	('>10', 18.055684980917803)	('>50', 5.562207970256236)	('>100', 7.323231384872779)	('>500', 1.2021774107612135)	('>1k', 0.44024867361026865)	('>5k', 0.0)	('>10k+', 0.0)
SRR1039519_pass_1	(1.0, 37.56107009214697)	(2.0, 12.699839949379859)	(3.0, 6.704932580385348)	(4.0, 4.381101310295178)	(5.0, 3.168819573682794)	(6.0, 2.383707507404205)	(7.0, 1.9176790513042048)	(8.0, 1.6112222164036856)	(9.0, 1.320779180504286)	('>10', 16.368055637618774)	('>50', 4.840574658738898)	('>100', 5.923321633856257)	('>500', 0.79659833865385)	('>1k', 0.25531812910901713)	('>5k', 0.06698014051653281)	('>10k+', 0.0)
SRR1039519_pass_2	(1.0, 38.76668564749889)	(2.0, 12.388939677537184)	(3.0, 6.623822597192924)	(4.0, 4.165925618199756)	(5.0, 3.0208318840253763)	(6.0, 2.42740952458819)	(7.0, 1.8301882634938502)	(8.0, 1.5784013072869234)	(9.0, 1.3876459643858035)	('>10', 16.072419824433794)	('>50', 4.875897933626753)	('>100', 5.8230105575832445)	('>500', 0.7600966657335956)	('>1k', 0.25437678827518095)	('>5k', 0.024347746138572234)	('>10k+', 0.0)
SRR1039520_pass_1	(1.0, 38.00317744952632)	(2.0, 12.434272062347526)	(3.0, 6.637962156046548)	(4.0, 4.32506375390215)	(5.0, 3.026957665771969)	(6.0, 2.322546860034214)	(7.0, 1.825154658495508)	(8.0, 1.571180534862683)	(9.0, 1.3489355010654593)	('>10', 16.627216152663305)	('>50', 4.838544193611996)	('>100', 5.8909000735498225)	('>500', 0.8685322261942104)	('>1k', 0.2795567119282459)	('>5k', 0.0)	('>10k+', 0.0)
SRR1039520_pass_2	(1.0, 38.84455977311349)	(2.0, 12.166246575819901)	(3.0, 6.594874964286128)	(4.0, 4.205022880996285)	(5.0, 2.9689659076916812)	(6.0, 2.3611749485356683)	(7.0, 1.902104566746991)	(8.0, 1.4940416076531817)	(9.0, 1.378252695557713)	('>10', 16.405359316299936)	('>50', 4.840419661019786)	('>100', 5.644623231946429)	('>500', 0.9055839593115977)	('>1k', 0.2887699110212225)	('>5k', 0.0)	('>10k+', 0.0)
SRR1039521_pass_1	(1.0, 34.80232413603698)	(2.0, 13.003445845310788)	(3.0, 7.0361915368288965)	(4.0, 4.675214433259255)	(5.0, 3.3936714194325543)	(6.0, 2.5828757292873497)	(7.0, 2.093606855746298)	(8.0, 1.7830816137273795)	(9.0, 1.5501328879298624)	('>10', 17.834357834607438)	('>50', 4.958459054263084)	('>100', 5.344560214351961)	('>500', 0.709710825193466)	('>1k', 0.2323676140246303)	('>5k', 0.0)	('>10k+', 0.0)
SRR1039521_pass_2	(1.0, 36.05849404398236)	(2.0, 12.809545457189811)	(3.0, 6.798790060450728)	(4.0, 4.488917393994079)	(5.0, 3.3077071452346765)	(6.0, 2.557278713252084)	(7.0, 2.0909645948760827)	(8.0, 1.7413106085749086)	(9.0, 1.51495557225931)	('>10', 17.534438778033177)	('>50', 4.887879879543889)	('>100', 5.2860699889550915)	('>500', 0.6936451597547999)	('>1k', 0.23000260389900665)	('>5k', 0.0)	('>10k+', 0.0)
SRR1039522_pass_1	(1.0, 33.095729896607814)	(2.0, 12.992913224421368)	(3.0, 6.9460353082354445)	(4.0, 4.670039465922206)	(5.0, 3.321254739628998)	(6.0, 2.57380073615401)	(7.0, 2.00483303301856)	(8.0, 1.6887868662499101)	(9.0, 1.441243291197139)	('>10', 17.62362423438676)	('>50', 5.291388590103789)	('>100', 6.784773407594785)	('>500', 1.0669262882380788)	('>1k', 0.4782869145702597)	('>5k', 0.02036400367090469)	('>10k+', 0.0)
SRR1039522_pass_2	(1.0, 34.08998280977082)	(2.0, 12.837270888339988)	(3.0, 6.8842914955499115)	(4.0, 4.462581748812497)	(5.0, 3.1634548863568743)	(6.0, 2.4908282858469564)	(7.0, 1.995028495927691)	(8.0, 1.6654609847189468)	(9.0, 1.4140198314978834)	('>10', 17.297398995876375)	('>50', 5.381365764415441)	('>100', 6.714082729806352)	('>500', 1.0777853648290288)	('>1k', 0.5058031456005705)	('>5k', 0.020644572650550364)	('>10k+', 0.0)
SRR1039523_pass_1	(1.0, 31.72685821837713)	(2.0, 12.242915313366098)	(3.0, 6.797631099758153)	(4.0, 4.442073535211919)	(5.0, 3.4194396823355087)	(6.0, 2.6171953663690646)	(7.0, 2.180831721966226)	(8.0, 1.8258917228995204)	(9.0, 1.5692089987073043)	('>10', 18.684713786200128)	('>50', 5.543429466738821)	('>100', 7.007203659250803)	('>500', 1.23653673918725)	('>1k', 0.706070689632243)	('>5k', 0.0)	('>10k+', 0.0)
SRR1039523_pass_2	(1.0, 32.31990946020782)	(2.0, 12.02577300874162)	(3.0, 6.761316298804125)	(4.0, 4.504003069941673)	(5.0, 3.298612638033055)	(6.0, 2.6712053468160257)	(7.0, 2.1551986181288485)	(8.0, 1.8138086987457138)	(9.0, 1.4905663806193)	('>10', 18.376211197561393)	('>50', 5.636336856938623)	('>100', 6.92081848547264)	('>500', 1.312725220441392)	('>1k', 0.6968696428053002)	('>5k', 0.01664507674257235)	('>10k+', 0.0)
