Sample	0	1	2	3	4	5	6	7	8	9	10	11	12	13	14	15	16	17	18	19	20	21	22	23	24	25	26	27	28	29	30	31	32	33	34	35	36	37	38
SRR1039508_pass_1P	(2.0, 1412.0)	(3.0, 631.0)	(4.0, 1030.0)	(5.0, 1637.0)	(6.0, 3009.0)	(7.0, 5227.0)	(8.0, 7126.0)	(9.0, 9091.0)	(10.0, 10181.0)	(11.0, 11910.0)	(12.0, 12454.0)	(13.0, 12902.0)	(14.0, 14149.0)	(15.0, 14640.0)	(16.0, 15716.0)	(17.0, 15992.0)	(18.0, 16820.0)	(19.0, 17815.0)	(20.0, 19307.0)	(21.0, 21486.0)	(22.0, 24097.0)	(23.0, 28251.0)	(24.0, 34266.0)	(25.0, 42513.0)	(26.0, 53598.0)	(27.0, 68130.0)	(28.0, 88216.0)	(29.0, 113770.0)	(30.0, 148389.0)	(31.0, 193723.0)	(32.0, 253825.0)	(33.0, 334316.0)	(34.0, 487231.0)	(35.0, 751474.0)	(36.0, 1286397.0)	(37.0, 2306108.0)	(38.0, 3800757.0)	(39.0, 5507665.0)	(40.0, 7042149.0)
SRR1039508_pass_2P	(2.0, 35592.0)	(3.0, 5903.0)	(4.0, 6079.0)	(5.0, 6292.0)	(6.0, 6979.0)	(7.0, 6826.0)	(8.0, 8072.0)	(9.0, 8968.0)	(10.0, 9512.0)	(11.0, 10472.0)	(12.0, 10756.0)	(13.0, 11319.0)	(14.0, 12042.0)	(15.0, 12203.0)	(16.0, 13102.0)	(17.0, 14020.0)	(18.0, 15159.0)	(19.0, 17331.0)	(20.0, 20589.0)	(21.0, 23510.0)	(22.0, 27963.0)	(23.0, 32410.0)	(24.0, 38722.0)	(25.0, 47371.0)	(26.0, 58151.0)	(27.0, 73229.0)	(28.0, 91810.0)	(29.0, 108427.0)	(30.0, 139445.0)	(31.0, 166001.0)	(32.0, 218884.0)	(33.0, 308016.0)	(34.0, 468021.0)	(35.0, 771183.0)	(36.0, 1379799.0)	(37.0, 2509509.0)	(38.0, 4155924.0)	(39.0, 5636487.0)	(40.0, 6291332.0)
SRR1039509_pass_1P	(2.0, 1520.0)	(3.0, 742.0)	(4.0, 1196.0)	(5.0, 1921.0)	(6.0, 3551.0)	(7.0, 5751.0)	(8.0, 7907.0)	(9.0, 10006.0)	(10.0, 11024.0)	(11.0, 13062.0)	(12.0, 13491.0)	(13.0, 13669.0)	(14.0, 14493.0)	(15.0, 15388.0)	(16.0, 16147.0)	(17.0, 16579.0)	(18.0, 17159.0)	(19.0, 18074.0)	(20.0, 19481.0)	(21.0, 21219.0)	(22.0, 24035.0)	(23.0, 27561.0)	(24.0, 33059.0)	(25.0, 40550.0)	(26.0, 51137.0)	(27.0, 64442.0)	(28.0, 82750.0)	(29.0, 105679.0)	(30.0, 137721.0)	(31.0, 177483.0)	(32.0, 230519.0)	(33.0, 303863.0)	(34.0, 439706.0)	(35.0, 675576.0)	(36.0, 1158119.0)	(37.0, 2068788.0)	(38.0, 3422312.0)	(39.0, 5013905.0)	(40.0, 6567102.0)
SRR1039509_pass_2P	(2.0, 96849.0)	(3.0, 8794.0)	(4.0, 8481.0)	(5.0, 8267.0)	(6.0, 8748.0)	(7.0, 8682.0)	(8.0, 9659.0)	(9.0, 10340.0)	(10.0, 10642.0)	(11.0, 11505.0)	(12.0, 11780.0)	(13.0, 11999.0)	(14.0, 12609.0)	(15.0, 12759.0)	(16.0, 13705.0)	(17.0, 14406.0)	(18.0, 16170.0)	(19.0, 21278.0)	(20.0, 28801.0)	(21.0, 34455.0)	(22.0, 39510.0)	(23.0, 44975.0)	(24.0, 52345.0)	(25.0, 61260.0)	(26.0, 72353.0)	(27.0, 87064.0)	(28.0, 104718.0)	(29.0, 121846.0)	(30.0, 152213.0)	(31.0, 180968.0)	(32.0, 235008.0)	(33.0, 321416.0)	(34.0, 475516.0)	(35.0, 748895.0)	(36.0, 1286235.0)	(37.0, 2260174.0)	(38.0, 3680062.0)	(39.0, 4985704.0)	(40.0, 5576496.0)
SRR1039510_pass_1P	(2.0, 1865.0)	(3.0, 863.0)	(4.0, 1351.0)	(5.0, 2213.0)	(6.0, 3729.0)	(7.0, 5889.0)	(8.0, 8273.0)	(9.0, 10446.0)	(10.0, 11809.0)	(11.0, 13349.0)	(12.0, 14070.0)	(13.0, 14430.0)	(14.0, 15289.0)	(15.0, 16148.0)	(16.0, 16730.0)	(17.0, 17668.0)	(18.0, 18241.0)	(19.0, 19272.0)	(20.0, 20699.0)	(21.0, 22479.0)	(22.0, 25284.0)	(23.0, 28755.0)	(24.0, 35112.0)	(25.0, 42883.0)	(26.0, 53303.0)	(27.0, 67516.0)	(28.0, 86536.0)	(29.0, 111609.0)	(30.0, 144033.0)	(31.0, 186333.0)	(32.0, 243264.0)	(33.0, 318546.0)	(34.0, 461185.0)	(35.0, 709102.0)	(36.0, 1219617.0)	(37.0, 2203677.0)	(38.0, 3699780.0)	(39.0, 5482603.0)	(40.0, 7245429.0)
SRR1039510_pass_2P	(2.0, 82393.0)	(3.0, 8321.0)	(4.0, 8085.0)	(5.0, 7912.0)	(6.0, 8790.0)	(7.0, 8715.0)	(8.0, 9741.0)	(9.0, 10677.0)	(10.0, 10962.0)	(11.0, 11955.0)	(12.0, 12495.0)	(13.0, 12951.0)	(14.0, 13782.0)	(15.0, 13976.0)	(16.0, 14960.0)	(17.0, 15884.0)	(18.0, 17700.0)	(19.0, 22396.0)	(20.0, 29849.0)	(21.0, 35767.0)	(22.0, 40753.0)	(23.0, 46702.0)	(24.0, 54871.0)	(25.0, 63754.0)	(26.0, 75713.0)	(27.0, 91446.0)	(28.0, 111117.0)	(29.0, 129755.0)	(30.0, 163002.0)	(31.0, 192449.0)	(32.0, 249134.0)	(33.0, 340114.0)	(34.0, 501878.0)	(35.0, 790263.0)	(36.0, 1359459.0)	(37.0, 2425251.0)	(38.0, 4000622.0)	(39.0, 5465865.0)	(40.0, 6139921.0)
SRR1039511_pass_1P	(2.0, 1706.0)	(3.0, 815.0)	(4.0, 1314.0)	(5.0, 2078.0)	(6.0, 3791.0)	(7.0, 6110.0)	(8.0, 8481.0)	(9.0, 10707.0)	(10.0, 11940.0)	(11.0, 13350.0)	(12.0, 14031.0)	(13.0, 14691.0)	(14.0, 15882.0)	(15.0, 16494.0)	(16.0, 17327.0)	(17.0, 18019.0)	(18.0, 18893.0)	(19.0, 19966.0)	(20.0, 21213.0)	(21.0, 23160.0)	(22.0, 26141.0)	(23.0, 29941.0)	(24.0, 35933.0)	(25.0, 44287.0)	(26.0, 55106.0)	(27.0, 70056.0)	(28.0, 88879.0)	(29.0, 114335.0)	(30.0, 147575.0)	(31.0, 190809.0)	(32.0, 247199.0)	(33.0, 324707.0)	(34.0, 470060.0)	(35.0, 713757.0)	(36.0, 1215078.0)	(37.0, 2145008.0)	(38.0, 3552635.0)	(39.0, 5249992.0)	(40.0, 6955667.0)
SRR1039511_pass_2P	(2.0, 35172.0)	(3.0, 5979.0)	(4.0, 6175.0)	(5.0, 6279.0)	(6.0, 7139.0)	(7.0, 6863.0)	(8.0, 8401.0)	(9.0, 9289.0)	(10.0, 9733.0)	(11.0, 10642.0)	(12.0, 11482.0)	(13.0, 11745.0)	(14.0, 12540.0)	(15.0, 13042.0)	(16.0, 13983.0)	(17.0, 14417.0)	(18.0, 15814.0)	(19.0, 17756.0)	(20.0, 20832.0)	(21.0, 23958.0)	(22.0, 28005.0)	(23.0, 33315.0)	(24.0, 39469.0)	(25.0, 47525.0)	(26.0, 58548.0)	(27.0, 72981.0)	(28.0, 91185.0)	(29.0, 108120.0)	(30.0, 137978.0)	(31.0, 162799.0)	(32.0, 213279.0)	(33.0, 296924.0)	(34.0, 450634.0)	(35.0, 729197.0)	(36.0, 1297631.0)	(37.0, 2350379.0)	(38.0, 3915925.0)	(39.0, 5409790.0)	(40.0, 6212208.0)
SRR1039512_pass_1P	(2.0, 2470.0)	(3.0, 1300.0)	(4.0, 2287.0)	(5.0, 3390.0)	(6.0, 6061.0)	(7.0, 10067.0)	(8.0, 13237.0)	(9.0, 16972.0)	(10.0, 17189.0)	(11.0, 19278.0)	(12.0, 21172.0)	(13.0, 22931.0)	(14.0, 25198.0)	(15.0, 26611.0)	(16.0, 29342.0)	(17.0, 32679.0)	(18.0, 36212.0)	(19.0, 41043.0)	(20.0, 46711.0)	(21.0, 53950.0)	(22.0, 61699.0)	(23.0, 71209.0)	(24.0, 82808.0)	(25.0, 97195.0)	(26.0, 115984.0)	(27.0, 140478.0)	(28.0, 170938.0)	(29.0, 211524.0)	(30.0, 264742.0)	(31.0, 333306.0)	(32.0, 429190.0)	(33.0, 563829.0)	(34.0, 787036.0)	(35.0, 1125609.0)	(36.0, 1749336.0)	(37.0, 2900795.0)	(38.0, 4640161.0)	(39.0, 6796798.0)	(40.0, 7147373.0)
SRR1039512_pass_2P	(2.0, 74481.0)	(3.0, 16069.0)	(4.0, 17100.0)	(5.0, 19010.0)	(6.0, 21149.0)	(7.0, 22102.0)	(8.0, 24468.0)	(9.0, 26540.0)	(10.0, 27496.0)	(11.0, 29555.0)	(12.0, 31902.0)	(13.0, 33675.0)	(14.0, 35878.0)	(15.0, 37167.0)	(16.0, 38626.0)	(17.0, 41013.0)	(18.0, 43270.0)	(19.0, 47499.0)	(20.0, 51809.0)	(21.0, 58242.0)	(22.0, 65791.0)	(23.0, 74249.0)	(24.0, 85406.0)	(25.0, 99279.0)	(26.0, 117678.0)	(27.0, 139554.0)	(28.0, 166523.0)	(29.0, 200162.0)	(30.0, 244696.0)	(31.0, 303132.0)	(32.0, 386614.0)	(33.0, 508165.0)	(34.0, 713891.0)	(35.0, 1032040.0)	(36.0, 1621624.0)	(37.0, 2742353.0)	(38.0, 4503919.0)	(39.0, 6674333.0)	(40.0, 7741650.0)
SRR1039513_pass_1P	(2.0, 1915.0)	(3.0, 936.0)	(4.0, 1601.0)	(5.0, 2457.0)	(6.0, 4533.0)	(7.0, 7997.0)	(8.0, 10467.0)	(9.0, 12636.0)	(10.0, 13164.0)	(11.0, 14731.0)	(12.0, 16040.0)	(13.0, 17689.0)	(14.0, 19480.0)	(15.0, 20869.0)	(16.0, 23429.0)	(17.0, 26133.0)	(18.0, 28978.0)	(19.0, 33391.0)	(20.0, 37671.0)	(21.0, 43531.0)	(22.0, 49977.0)	(23.0, 58534.0)	(24.0, 68768.0)	(25.0, 81141.0)	(26.0, 98228.0)	(27.0, 119737.0)	(28.0, 147514.0)	(29.0, 182659.0)	(30.0, 227036.0)	(31.0, 283816.0)	(32.0, 356010.0)	(33.0, 455057.0)	(34.0, 601925.0)	(35.0, 816817.0)	(36.0, 1173199.0)	(37.0, 1773681.0)	(38.0, 2638730.0)	(39.0, 3709171.0)	(40.0, 3629906.0)
SRR1039513_pass_2P	(2.0, 67581.0)	(3.0, 12490.0)	(4.0, 13657.0)	(5.0, 15429.0)	(6.0, 17095.0)	(7.0, 18433.0)	(8.0, 19852.0)	(9.0, 21840.0)	(10.0, 22809.0)	(11.0, 24899.0)	(12.0, 27189.0)	(13.0, 28605.0)	(14.0, 30397.0)	(15.0, 31201.0)	(16.0, 33299.0)	(17.0, 35352.0)	(18.0, 37466.0)	(19.0, 40551.0)	(20.0, 44638.0)	(21.0, 49791.0)	(22.0, 56860.0)	(23.0, 65564.0)	(24.0, 75475.0)	(25.0, 88606.0)	(26.0, 104890.0)	(27.0, 124859.0)	(28.0, 148191.0)	(29.0, 178633.0)	(30.0, 217302.0)	(31.0, 267642.0)	(32.0, 335637.0)	(33.0, 427618.0)	(34.0, 570370.0)	(35.0, 775697.0)	(36.0, 1117680.0)	(37.0, 1698100.0)	(38.0, 2562972.0)	(39.0, 3600063.0)	(40.0, 3800821.0)
SRR1039514_pass_1P	(2.0, 3944.0)	(3.0, 2132.0)	(4.0, 3722.0)	(5.0, 6023.0)	(6.0, 11217.0)	(7.0, 19079.0)	(8.0, 25253.0)	(9.0, 30372.0)	(10.0, 31578.0)	(11.0, 35404.0)	(12.0, 39177.0)	(13.0, 42739.0)	(14.0, 47719.0)	(15.0, 51767.0)	(16.0, 57270.0)	(17.0, 63955.0)	(18.0, 71793.0)	(19.0, 81577.0)	(20.0, 92917.0)	(21.0, 106498.0)	(22.0, 123922.0)	(23.0, 143831.0)	(24.0, 168250.0)	(25.0, 200327.0)	(26.0, 240991.0)	(27.0, 293963.0)	(28.0, 361328.0)	(29.0, 448089.0)	(30.0, 557853.0)	(31.0, 699602.0)	(32.0, 876750.0)	(33.0, 1123091.0)	(34.0, 1487807.0)	(35.0, 2019554.0)	(36.0, 2890240.0)	(37.0, 4306053.0)	(38.0, 6292945.0)	(39.0, 8651292.0)	(40.0, 8213549.0)
SRR1039514_pass_2P	(2.0, 219260.0)	(3.0, 33218.0)	(4.0, 35618.0)	(5.0, 38449.0)	(6.0, 41901.0)	(7.0, 44310.0)	(8.0, 48277.0)	(9.0, 52235.0)	(10.0, 54475.0)	(11.0, 59731.0)	(12.0, 64753.0)	(13.0, 68103.0)	(14.0, 72144.0)	(15.0, 74420.0)	(16.0, 78077.0)	(17.0, 82103.0)	(18.0, 87178.0)	(19.0, 94429.0)	(20.0, 105455.0)	(21.0, 117580.0)	(22.0, 135080.0)	(23.0, 154486.0)	(24.0, 179681.0)	(25.0, 211690.0)	(26.0, 250260.0)	(27.0, 298052.0)	(28.0, 355504.0)	(29.0, 427741.0)	(30.0, 521306.0)	(31.0, 640633.0)	(32.0, 803375.0)	(33.0, 1027717.0)	(34.0, 1373244.0)	(35.0, 1869156.0)	(36.0, 2695147.0)	(37.0, 4066453.0)	(38.0, 6081952.0)	(39.0, 8475142.0)	(40.0, 8885238.0)
SRR1039515_pass_1P	(2.0, 1798.0)	(3.0, 1039.0)	(4.0, 1810.0)	(5.0, 2773.0)	(6.0, 4822.0)	(7.0, 8397.0)	(8.0, 10904.0)	(9.0, 13782.0)	(10.0, 14083.0)	(11.0, 15964.0)	(12.0, 17396.0)	(13.0, 18954.0)	(14.0, 21120.0)	(15.0, 22170.0)	(16.0, 24666.0)	(17.0, 27042.0)	(18.0, 30067.0)	(19.0, 34197.0)	(20.0, 39226.0)	(21.0, 45155.0)	(22.0, 52583.0)	(23.0, 60410.0)	(24.0, 70175.0)	(25.0, 82577.0)	(26.0, 97652.0)	(27.0, 117918.0)	(28.0, 144113.0)	(29.0, 177861.0)	(30.0, 221845.0)	(31.0, 280767.0)	(32.0, 358634.0)	(33.0, 471471.0)	(34.0, 654595.0)	(35.0, 936003.0)	(36.0, 1448335.0)	(37.0, 2399551.0)	(38.0, 3886779.0)	(39.0, 5845579.0)	(40.0, 6438990.0)
SRR1039515_pass_2P	(2.0, 76210.0)	(3.0, 14557.0)	(4.0, 15132.0)	(5.0, 16673.0)	(6.0, 18297.0)	(7.0, 19209.0)	(8.0, 21401.0)	(9.0, 22981.0)	(10.0, 23394.0)	(11.0, 25534.0)	(12.0, 27323.0)	(13.0, 28298.0)	(14.0, 30499.0)	(15.0, 31454.0)	(16.0, 33026.0)	(17.0, 34855.0)	(18.0, 36820.0)	(19.0, 39986.0)	(20.0, 43732.0)	(21.0, 48696.0)	(22.0, 55592.0)	(23.0, 63304.0)	(24.0, 72949.0)	(25.0, 84829.0)	(26.0, 100070.0)	(27.0, 118703.0)	(28.0, 142080.0)	(29.0, 170003.0)	(30.0, 208592.0)	(31.0, 258356.0)	(32.0, 328715.0)	(33.0, 430374.0)	(34.0, 602230.0)	(35.0, 866981.0)	(36.0, 1354843.0)	(37.0, 2284875.0)	(38.0, 3778159.0)	(39.0, 5694683.0)	(40.0, 6877788.0)
SRR1039516_pass_1P	(2.0, 2282.0)	(3.0, 1308.0)	(4.0, 2401.0)	(5.0, 3699.0)	(6.0, 6824.0)	(7.0, 11978.0)	(8.0, 16048.0)	(9.0, 20416.0)	(10.0, 20813.0)	(11.0, 23217.0)	(12.0, 25351.0)	(13.0, 27962.0)	(14.0, 30927.0)	(15.0, 33455.0)	(16.0, 37341.0)	(17.0, 41750.0)	(18.0, 46737.0)	(19.0, 53272.0)	(20.0, 60498.0)	(21.0, 69707.0)	(22.0, 80221.0)	(23.0, 92738.0)	(24.0, 108855.0)	(25.0, 127668.0)	(26.0, 153284.0)	(27.0, 186819.0)	(28.0, 229487.0)	(29.0, 285359.0)	(30.0, 354517.0)	(31.0, 445574.0)	(32.0, 565184.0)	(33.0, 732416.0)	(34.0, 987834.0)	(35.0, 1356357.0)	(36.0, 1972776.0)	(37.0, 2969608.0)	(38.0, 4394047.0)	(39.0, 6040687.0)	(40.0, 5609792.0)
SRR1039516_pass_2P	(2.0, 109408.0)	(3.0, 20009.0)	(4.0, 21752.0)	(5.0, 23821.0)	(6.0, 26027.0)	(7.0, 27297.0)	(8.0, 29598.0)	(9.0, 32265.0)	(10.0, 34416.0)	(11.0, 37470.0)	(12.0, 40373.0)	(13.0, 43226.0)	(14.0, 46114.0)	(15.0, 47497.0)	(16.0, 50348.0)	(17.0, 53284.0)	(18.0, 56500.0)	(19.0, 62073.0)	(20.0, 69250.0)	(21.0, 77440.0)	(22.0, 88346.0)	(23.0, 100356.0)	(24.0, 116594.0)	(25.0, 137501.0)	(26.0, 162561.0)	(27.0, 193328.0)	(28.0, 231013.0)	(29.0, 276195.0)	(30.0, 336508.0)	(31.0, 415575.0)	(32.0, 519458.0)	(33.0, 671413.0)	(34.0, 905023.0)	(35.0, 1249493.0)	(36.0, 1841690.0)	(37.0, 2866617.0)	(38.0, 4336689.0)	(39.0, 5970811.0)	(40.0, 5901870.0)
SRR1039517_pass_1P	(2.0, 2975.0)	(3.0, 1791.0)	(4.0, 3146.0)	(5.0, 5036.0)	(6.0, 9291.0)	(7.0, 16174.0)	(8.0, 22368.0)	(9.0, 27476.0)	(10.0, 28669.0)	(11.0, 31556.0)	(12.0, 34589.0)	(13.0, 37590.0)	(14.0, 41503.0)	(15.0, 45041.0)	(16.0, 49670.0)	(17.0, 55766.0)	(18.0, 62360.0)	(19.0, 70714.0)	(20.0, 80806.0)	(21.0, 93404.0)	(22.0, 108182.0)	(23.0, 126157.0)	(24.0, 146547.0)	(25.0, 173956.0)	(26.0, 209375.0)	(27.0, 253789.0)	(28.0, 312185.0)	(29.0, 386023.0)	(30.0, 482351.0)	(31.0, 606561.0)	(32.0, 764833.0)	(33.0, 987086.0)	(34.0, 1323459.0)	(35.0, 1807136.0)	(36.0, 2604396.0)	(37.0, 3836693.0)	(38.0, 5527023.0)	(39.0, 7342743.0)	(40.0, 6568738.0)
SRR1039517_pass_2P	(2.0, 97640.0)	(3.0, 23394.0)	(4.0, 26153.0)	(5.0, 28823.0)	(6.0, 32086.0)	(7.0, 34485.0)	(8.0, 37635.0)	(9.0, 41436.0)	(10.0, 43335.0)	(11.0, 47015.0)	(12.0, 51505.0)	(13.0, 55117.0)	(14.0, 58527.0)	(15.0, 61101.0)	(16.0, 64777.0)	(17.0, 68613.0)	(18.0, 72559.0)	(19.0, 78554.0)	(20.0, 87163.0)	(21.0, 98077.0)	(22.0, 111897.0)	(23.0, 127647.0)	(24.0, 149233.0)	(25.0, 174620.0)	(26.0, 207363.0)	(27.0, 248192.0)	(28.0, 298484.0)	(29.0, 359297.0)	(30.0, 438547.0)	(31.0, 541854.0)	(32.0, 680093.0)	(33.0, 876235.0)	(34.0, 1182485.0)	(35.0, 1635516.0)	(36.0, 2399032.0)	(37.0, 3678330.0)	(38.0, 5471708.0)	(39.0, 7386448.0)	(40.0, 7212182.0)
SRR1039518_pass_1P	(2.0, 2809.0)	(3.0, 1670.0)	(4.0, 2827.0)	(5.0, 4369.0)	(6.0, 8392.0)	(7.0, 14548.0)	(8.0, 19590.0)	(9.0, 24794.0)	(10.0, 25430.0)	(11.0, 28403.0)	(12.0, 30758.0)	(13.0, 33560.0)	(14.0, 36962.0)	(15.0, 40057.0)	(16.0, 44488.0)	(17.0, 49614.0)	(18.0, 55223.0)	(19.0, 62681.0)	(20.0, 71498.0)	(21.0, 81683.0)	(22.0, 95400.0)	(23.0, 110529.0)	(24.0, 129887.0)	(25.0, 153105.0)	(26.0, 183002.0)	(27.0, 223600.0)	(28.0, 273732.0)	(29.0, 340220.0)	(30.0, 423392.0)	(31.0, 532136.0)	(32.0, 673569.0)	(33.0, 867665.0)	(34.0, 1165864.0)	(35.0, 1594255.0)	(36.0, 2301694.0)	(37.0, 3411270.0)	(38.0, 4926076.0)	(39.0, 6530858.0)	(40.0, 5850103.0)
SRR1039518_pass_2P	(2.0, 100986.0)	(3.0, 21814.0)	(4.0, 23957.0)	(5.0, 26139.0)	(6.0, 29153.0)	(7.0, 31535.0)	(8.0, 33987.0)	(9.0, 37050.0)	(10.0, 38846.0)	(11.0, 42365.0)	(12.0, 46117.0)	(13.0, 49170.0)	(14.0, 52562.0)	(15.0, 54479.0)	(16.0, 57457.0)	(17.0, 60542.0)	(18.0, 64127.0)	(19.0, 69757.0)	(20.0, 77529.0)	(21.0, 87072.0)	(22.0, 98206.0)	(23.0, 112449.0)	(24.0, 131931.0)	(25.0, 155089.0)	(26.0, 183598.0)	(27.0, 219379.0)	(28.0, 263115.0)	(29.0, 317278.0)	(30.0, 387687.0)	(31.0, 479430.0)	(32.0, 600894.0)	(33.0, 776108.0)	(34.0, 1049673.0)	(35.0, 1448775.0)	(36.0, 2129720.0)	(37.0, 3264447.0)	(38.0, 4859632.0)	(39.0, 6560229.0)	(40.0, 6383429.0)
SRR1039519_pass_1P	(2.0, 2445.0)	(3.0, 1228.0)	(4.0, 2033.0)	(5.0, 3165.0)	(6.0, 5647.0)	(7.0, 9868.0)	(8.0, 13250.0)	(9.0, 16745.0)	(10.0, 17137.0)	(11.0, 18782.0)	(12.0, 20402.0)	(13.0, 22103.0)	(14.0, 24770.0)	(15.0, 26848.0)	(16.0, 29741.0)	(17.0, 33286.0)	(18.0, 37123.0)	(19.0, 42034.0)	(20.0, 48259.0)	(21.0, 55008.0)	(22.0, 63429.0)	(23.0, 72419.0)	(24.0, 85921.0)	(25.0, 100335.0)	(26.0, 120520.0)	(27.0, 147242.0)	(28.0, 180144.0)	(29.0, 223993.0)	(30.0, 281086.0)	(31.0, 355149.0)	(32.0, 448807.0)	(33.0, 579963.0)	(34.0, 782092.0)	(35.0, 1079106.0)	(36.0, 1580139.0)	(37.0, 2422204.0)	(38.0, 3584518.0)	(39.0, 4935065.0)	(40.0, 4624479.0)
SRR1039519_pass_2P	(2.0, 69539.0)	(3.0, 14945.0)	(4.0, 16302.0)	(5.0, 18527.0)	(6.0, 19940.0)	(7.0, 21205.0)	(8.0, 22969.0)	(9.0, 24869.0)	(10.0, 26096.0)	(11.0, 28255.0)	(12.0, 31184.0)	(13.0, 32950.0)	(14.0, 35388.0)	(15.0, 36756.0)	(16.0, 39159.0)	(17.0, 41535.0)	(18.0, 43900.0)	(19.0, 47686.0)	(20.0, 53310.0)	(21.0, 59359.0)	(22.0, 67342.0)	(23.0, 76574.0)	(24.0, 89658.0)	(25.0, 105077.0)	(26.0, 126103.0)	(27.0, 150383.0)	(28.0, 180389.0)	(29.0, 218322.0)	(30.0, 266605.0)	(31.0, 330573.0)	(32.0, 416866.0)	(33.0, 540757.0)	(34.0, 732251.0)	(35.0, 1018726.0)	(36.0, 1508548.0)	(37.0, 2341008.0)	(38.0, 3530144.0)	(39.0, 4834844.0)	(40.0, 4878441.0)
SRR1039520_pass_1P	(2.0, 2777.0)	(3.0, 1252.0)	(4.0, 2199.0)	(5.0, 3290.0)	(6.0, 6070.0)	(7.0, 10296.0)	(8.0, 13581.0)	(9.0, 16384.0)	(10.0, 17108.0)	(11.0, 19079.0)	(12.0, 20847.0)	(13.0, 22990.0)	(14.0, 25583.0)	(15.0, 27750.0)	(16.0, 30005.0)	(17.0, 33471.0)	(18.0, 37043.0)	(19.0, 41546.0)	(20.0, 47278.0)	(21.0, 54048.0)	(22.0, 62726.0)	(23.0, 72178.0)	(24.0, 84520.0)	(25.0, 100349.0)	(26.0, 121106.0)	(27.0, 148516.0)	(28.0, 185721.0)	(29.0, 229455.0)	(30.0, 287986.0)	(31.0, 364005.0)	(32.0, 461346.0)	(33.0, 593264.0)	(34.0, 795758.0)	(35.0, 1083770.0)	(36.0, 1561167.0)	(37.0, 2343416.0)	(38.0, 3416953.0)	(39.0, 4622437.0)	(40.0, 4299764.0)
SRR1039520_pass_2P	(2.0, 61441.0)	(3.0, 14959.0)	(4.0, 16634.0)	(5.0, 19017.0)	(6.0, 20578.0)	(7.0, 21996.0)	(8.0, 24522.0)	(9.0, 27218.0)	(10.0, 28184.0)	(11.0, 30806.0)	(12.0, 33383.0)	(13.0, 35589.0)	(14.0, 37428.0)	(15.0, 39261.0)	(16.0, 41689.0)	(17.0, 43563.0)	(18.0, 46495.0)	(19.0, 50095.0)	(20.0, 54940.0)	(21.0, 61121.0)	(22.0, 69151.0)	(23.0, 79406.0)	(24.0, 92730.0)	(25.0, 108565.0)	(26.0, 129848.0)	(27.0, 154814.0)	(28.0, 186395.0)	(29.0, 225963.0)	(30.0, 275891.0)	(31.0, 341416.0)	(32.0, 432139.0)	(33.0, 555546.0)	(34.0, 747390.0)	(35.0, 1023540.0)	(36.0, 1484333.0)	(37.0, 2244500.0)	(38.0, 3316954.0)	(39.0, 4511664.0)	(40.0, 4577870.0)
SRR1039521_pass_1P	(2.0, 3372.0)	(3.0, 1562.0)	(4.0, 2746.0)	(5.0, 4238.0)	(6.0, 7512.0)	(7.0, 12931.0)	(8.0, 16695.0)	(9.0, 19994.0)	(10.0, 20511.0)	(11.0, 22697.0)	(12.0, 24461.0)	(13.0, 27076.0)	(14.0, 29768.0)	(15.0, 32439.0)	(16.0, 35550.0)	(17.0, 39320.0)	(18.0, 43639.0)	(19.0, 49314.0)	(20.0, 56501.0)	(21.0, 65189.0)	(22.0, 76537.0)	(23.0, 88618.0)	(24.0, 103846.0)	(25.0, 122875.0)	(26.0, 147833.0)	(27.0, 179305.0)	(28.0, 219198.0)	(29.0, 272112.0)	(30.0, 336209.0)	(31.0, 416741.0)	(32.0, 521701.0)	(33.0, 661038.0)	(34.0, 875184.0)	(35.0, 1186544.0)	(36.0, 1702269.0)	(37.0, 2543767.0)	(38.0, 3702426.0)	(39.0, 5042258.0)	(40.0, 4760583.0)
SRR1039521_pass_2P	(2.0, 89285.0)	(3.0, 18207.0)	(4.0, 20484.0)	(5.0, 22888.0)	(6.0, 25368.0)	(7.0, 27195.0)	(8.0, 29792.0)	(9.0, 32428.0)	(10.0, 33850.0)	(11.0, 37143.0)	(12.0, 39685.0)	(13.0, 42413.0)	(14.0, 44437.0)	(15.0, 46780.0)	(16.0, 49122.0)	(17.0, 51660.0)	(18.0, 54761.0)	(19.0, 58919.0)	(20.0, 64387.0)	(21.0, 72304.0)	(22.0, 81803.0)	(23.0, 93943.0)	(24.0, 108758.0)	(25.0, 128223.0)	(26.0, 152512.0)	(27.0, 180919.0)	(28.0, 216661.0)	(29.0, 259583.0)	(30.0, 316698.0)	(31.0, 387450.0)	(32.0, 485912.0)	(33.0, 619021.0)	(34.0, 826026.0)	(35.0, 1123965.0)	(36.0, 1622218.0)	(37.0, 2439084.0)	(38.0, 3603594.0)	(39.0, 4914624.0)	(40.0, 5052457.0)
SRR1039522_pass_1P	(2.0, 4758.0)	(3.0, 2084.0)	(4.0, 3452.0)	(5.0, 5276.0)	(6.0, 8622.0)	(7.0, 13163.0)	(8.0, 16820.0)	(9.0, 20181.0)	(10.0, 20657.0)	(11.0, 23074.0)	(12.0, 24574.0)	(13.0, 26781.0)	(14.0, 29211.0)	(15.0, 30783.0)	(16.0, 33422.0)	(17.0, 36070.0)	(18.0, 39462.0)	(19.0, 44496.0)	(20.0, 49784.0)	(21.0, 57000.0)	(22.0, 64524.0)	(23.0, 73286.0)	(24.0, 84825.0)	(25.0, 98715.0)	(26.0, 116961.0)	(27.0, 140291.0)	(28.0, 170649.0)	(29.0, 211221.0)	(30.0, 263906.0)	(31.0, 330981.0)	(32.0, 424302.0)	(33.0, 555989.0)	(34.0, 775869.0)	(35.0, 1114611.0)	(36.0, 1736963.0)	(37.0, 2869866.0)	(38.0, 4578530.0)	(39.0, 6723373.0)	(40.0, 7292781.0)
SRR1039522_pass_2P	(2.0, 71737.0)	(3.0, 17006.0)	(4.0, 17851.0)	(5.0, 19857.0)	(6.0, 22353.0)	(7.0, 23440.0)	(8.0, 25801.0)	(9.0, 27766.0)	(10.0, 28960.0)	(11.0, 30668.0)	(12.0, 33270.0)	(13.0, 34934.0)	(14.0, 37097.0)	(15.0, 38734.0)	(16.0, 40258.0)	(17.0, 42647.0)	(18.0, 44885.0)	(19.0, 48297.0)	(20.0, 53107.0)	(21.0, 59053.0)	(22.0, 66192.0)	(23.0, 74871.0)	(24.0, 85812.0)	(25.0, 100722.0)	(26.0, 118298.0)	(27.0, 139747.0)	(28.0, 165898.0)	(29.0, 200661.0)	(30.0, 244644.0)	(31.0, 302418.0)	(32.0, 384775.0)	(33.0, 504742.0)	(34.0, 709246.0)	(35.0, 1026500.0)	(36.0, 1616992.0)	(37.0, 2725335.0)	(38.0, 4454197.0)	(39.0, 6584525.0)	(40.0, 7894017.0)
SRR1039523_pass_1P	(2.0, 2788.0)	(3.0, 1361.0)	(4.0, 2548.0)	(5.0, 3781.0)	(6.0, 6927.0)	(7.0, 11351.0)	(8.0, 14779.0)	(9.0, 18581.0)	(10.0, 19256.0)	(11.0, 21369.0)	(12.0, 23787.0)	(13.0, 25880.0)	(14.0, 27965.0)	(15.0, 29929.0)	(16.0, 32705.0)	(17.0, 35801.0)	(18.0, 40179.0)	(19.0, 45403.0)	(20.0, 51860.0)	(21.0, 59045.0)	(22.0, 68828.0)	(23.0, 79134.0)	(24.0, 92579.0)	(25.0, 108033.0)	(26.0, 128588.0)	(27.0, 155336.0)	(28.0, 189561.0)	(29.0, 234590.0)	(30.0, 293436.0)	(31.0, 370674.0)	(32.0, 474330.0)	(33.0, 622038.0)	(34.0, 865212.0)	(35.0, 1235573.0)	(36.0, 1917345.0)	(37.0, 3151363.0)	(38.0, 5029735.0)	(39.0, 7473920.0)	(40.0, 8124620.0)
SRR1039523_pass_2P	(2.0, 72823.0)	(3.0, 17284.0)	(4.0, 18639.0)	(5.0, 20530.0)	(6.0, 22877.0)	(7.0, 24027.0)	(8.0, 26902.0)	(9.0, 28564.0)	(10.0, 30214.0)	(11.0, 32338.0)	(12.0, 34502.0)	(13.0, 36433.0)	(14.0, 38999.0)	(15.0, 40244.0)	(16.0, 42607.0)	(17.0, 45022.0)	(18.0, 47587.0)	(19.0, 50985.0)	(20.0, 56521.0)	(21.0, 62966.0)	(22.0, 70987.0)	(23.0, 80613.0)	(24.0, 92826.0)	(25.0, 108103.0)	(26.0, 127548.0)	(27.0, 151666.0)	(28.0, 181794.0)	(29.0, 218961.0)	(30.0, 268840.0)	(31.0, 334788.0)	(32.0, 425239.0)	(33.0, 559000.0)	(34.0, 784400.0)	(35.0, 1131613.0)	(36.0, 1779658.0)	(37.0, 2988785.0)	(38.0, 4894894.0)	(39.0, 7333123.0)	(40.0, 8807288.0)
