Sample	0	1	2	3	4	5	6	7	8	9	10	11	12	13	14	15	16	17	18	19	20	21	22	23	24	25	26	27
SRR1039508_pass_1P	(36, 125.0)	(37, 840.0)	(38, 826.0)	(39, 807.0)	(40, 873.0)	(41, 1523.0)	(42, 810.0)	(43, 790.0)	(44, 743.0)	(45, 790.0)	(46, 773.0)	(47, 762.0)	(48, 741.0)	(49, 777.0)	(50, 859.0)	(51, 893.0)	(52, 1422.0)	(53, 1921.0)	(54, 1741.0)	(55, 1046.0)	(56, 1844.0)	(57, 5702.0)	(58, 33851.0)	(59, 173192.0)	(60, 582020.0)	(61, 0.0)	(62, 0.0)	(63, 21961739.0)
SRR1039508_pass_2P	(36, 868.0)	(37, 877.0)	(38, 826.0)	(39, 873.0)	(40, 791.0)	(41, 801.0)	(42, 801.0)	(43, 828.0)	(44, 724.0)	(45, 802.0)	(46, 784.0)	(47, 788.0)	(48, 774.0)	(49, 785.0)	(50, 885.0)	(51, 883.0)	(52, 961.0)	(53, 1314.0)	(54, 1248.0)	(55, 939.0)	(56, 1680.0)	(57, 3553.0)	(58, 11501.0)	(59, 61132.0)	(60, 371905.0)	(61, 0.0)	(62, 0.0)	(63, 22310087.0)
SRR1039509_pass_1P	(36, 162.0)	(37, 721.0)	(38, 692.0)	(39, 763.0)	(40, 691.0)	(41, 1512.0)	(42, 717.0)	(43, 834.0)	(44, 716.0)	(45, 838.0)	(46, 770.0)	(47, 667.0)	(48, 660.0)	(49, 725.0)	(50, 755.0)	(51, 1003.0)	(52, 1531.0)	(53, 1899.0)	(54, 1834.0)	(55, 990.0)	(56, 2083.0)	(57, 5593.0)	(58, 31605.0)	(59, 160113.0)	(60, 533949.0)	(61, 0.0)	(62, 0.0)	(63, 20094864.0)
SRR1039509_pass_2P	(36, 724.0)	(37, 693.0)	(38, 759.0)	(39, 684.0)	(40, 710.0)	(41, 823.0)	(42, 703.0)	(43, 808.0)	(44, 687.0)	(45, 920.0)	(46, 814.0)	(47, 661.0)	(48, 669.0)	(49, 757.0)	(50, 755.0)	(51, 986.0)	(52, 1141.0)	(53, 1354.0)	(54, 1501.0)	(55, 944.0)	(56, 2201.0)	(57, 3459.0)	(58, 10471.0)	(59, 55257.0)	(60, 337003.0)	(61, 0.0)	(62, 0.0)	(63, 20421203.0)
SRR1039510_pass_1P	(36, 155.0)	(37, 681.0)	(38, 726.0)	(39, 677.0)	(40, 1510.0)	(41, 908.0)	(42, 724.0)	(43, 807.0)	(44, 686.0)	(45, 944.0)	(46, 932.0)	(47, 860.0)	(48, 702.0)	(49, 1139.0)	(50, 708.0)	(51, 1018.0)	(52, 1511.0)	(53, 2166.0)	(54, 1545.0)	(55, 938.0)	(56, 1659.0)	(57, 5772.0)	(58, 33577.0)	(59, 172208.0)	(60, 576675.0)	(61, 0.0)	(62, 0.0)	(63, 21790152.0)
SRR1039510_pass_2P	(36, 692.0)	(37, 717.0)	(38, 671.0)	(39, 768.0)	(40, 822.0)	(41, 900.0)	(42, 767.0)	(43, 791.0)	(44, 676.0)	(45, 1027.0)	(46, 966.0)	(47, 811.0)	(48, 698.0)	(49, 1207.0)	(50, 694.0)	(51, 981.0)	(52, 912.0)	(53, 1237.0)	(54, 1105.0)	(55, 882.0)	(56, 1638.0)	(57, 3333.0)	(58, 11433.0)	(59, 60801.0)	(60, 366401.0)	(61, 0.0)	(62, 0.0)	(63, 22138450.0)
SRR1039511_pass_1P	(36, 342.0)	(37, 258.0)	(38, 251.0)	(39, 17.0)	(40, 577.0)	(41, 284.0)	(42, 301.0)	(43, 298.0)	(44, 291.0)	(45, 286.0)	(46, 304.0)	(47, 284.0)	(48, 292.0)	(49, 338.0)	(50, 363.0)	(51, 469.0)	(52, 933.0)	(53, 1308.0)	(54, 1165.0)	(55, 545.0)	(56, 1277.0)	(57, 5053.0)	(58, 32603.0)	(59, 166478.0)	(60, 559867.0)	(61, 0.0)	(62, 0.0)	(63, 21142949.0)
SRR1039511_pass_2P	(36, 331.0)	(37, 288.0)	(38, 302.0)	(39, 315.0)	(40, 296.0)	(41, 278.0)	(42, 308.0)	(43, 309.0)	(44, 289.0)	(45, 326.0)	(46, 333.0)	(47, 286.0)	(48, 303.0)	(49, 339.0)	(50, 375.0)	(51, 415.0)	(52, 503.0)	(53, 789.0)	(54, 779.0)	(55, 534.0)	(56, 1267.0)	(57, 2878.0)	(58, 10334.0)	(59, 56268.0)	(60, 350697.0)	(61, 0.0)	(62, 0.0)	(63, 21487991.0)
SRR1039512_pass_1P	(36, 48.0)	(37, 151.0)	(38, 178.0)	(39, 156.0)	(40, 179.0)	(41, 306.0)	(42, 182.0)	(43, 146.0)	(44, 165.0)	(45, 140.0)	(46, 198.0)	(47, 155.0)	(48, 190.0)	(49, 170.0)	(50, 205.0)	(51, 792.0)	(52, 850.0)	(53, 1858.0)	(54, 1298.0)	(55, 634.0)	(56, 1588.0)	(57, 6666.0)	(58, 41967.0)	(59, 222409.0)	(60, 719500.0)	(61, 0.0)	(62, 0.0)	(63, 27117979.0)
SRR1039512_pass_2P	(36, 154.0)	(37, 174.0)	(38, 139.0)	(39, 154.0)	(40, 162.0)	(41, 138.0)	(42, 168.0)	(43, 133.0)	(44, 132.0)	(45, 162.0)	(46, 175.0)	(47, 147.0)	(48, 172.0)	(49, 170.0)	(50, 202.0)	(51, 260.0)	(52, 379.0)	(53, 701.0)	(54, 701.0)	(55, 490.0)	(56, 1559.0)	(57, 3284.0)	(58, 12260.0)	(59, 72632.0)	(60, 457431.0)	(61, 0.0)	(62, 0.0)	(63, 27566031.0)
SRR1039513_pass_1P	(36, 40.0)	(37, 116.0)	(38, 250.0)	(39, 7.0)	(40, 122.0)	(41, 261.0)	(42, 105.0)	(43, 128.0)	(44, 136.0)	(45, 139.0)	(46, 143.0)	(47, 136.0)	(48, 164.0)	(49, 139.0)	(50, 152.0)	(51, 403.0)	(52, 501.0)	(53, 1137.0)	(54, 753.0)	(55, 391.0)	(56, 829.0)	(57, 3621.0)	(58, 24992.0)	(59, 131634.0)	(60, 432269.0)	(61, 0.0)	(62, 0.0)	(63, 16210986.0)
SRR1039513_pass_2P	(36, 117.0)	(37, 128.0)	(38, 117.0)	(39, 111.0)	(40, 114.0)	(41, 119.0)	(42, 105.0)	(43, 117.0)	(44, 105.0)	(45, 155.0)	(46, 129.0)	(47, 104.0)	(48, 149.0)	(49, 138.0)	(50, 132.0)	(51, 179.0)	(52, 248.0)	(53, 464.0)	(54, 432.0)	(55, 366.0)	(56, 876.0)	(57, 1911.0)	(58, 7003.0)	(59, 39879.0)	(60, 264265.0)	(61, 0.0)	(62, 0.0)	(63, 16492091.0)
SRR1039514_pass_1P	(36, 396.0)	(37, 420.0)	(38, 354.0)	(39, 404.0)	(40, 394.0)	(41, 414.0)	(42, 433.0)	(43, 440.0)	(44, 381.0)	(45, 400.0)	(46, 411.0)	(47, 406.0)	(48, 432.0)	(49, 394.0)	(50, 434.0)	(51, 929.0)	(52, 1415.0)	(53, 2720.0)	(54, 2024.0)	(55, 899.0)	(56, 2323.0)	(57, 8785.0)	(58, 59799.0)	(59, 312374.0)	(60, 1020132.0)	(61, 0.0)	(62, 0.0)	(63, 38506060.0)
SRR1039514_pass_2P	(36, 344.0)	(37, 374.0)	(38, 324.0)	(39, 351.0)	(40, 360.0)	(41, 371.0)	(42, 377.0)	(43, 395.0)	(44, 310.0)	(45, 458.0)	(46, 390.0)	(47, 379.0)	(48, 428.0)	(49, 391.0)	(50, 434.0)	(51, 535.0)	(52, 700.0)	(53, 1184.0)	(54, 1146.0)	(55, 781.0)	(56, 2224.0)	(57, 4713.0)	(58, 17229.0)	(59, 97396.0)	(60, 629153.0)	(61, 0.0)	(62, 0.0)	(63, 39162826.0)
SRR1039515_pass_1P	(36, 257.0)	(37, 279.0)	(38, 258.0)	(39, 257.0)	(40, 259.0)	(41, 250.0)	(42, 257.0)	(43, 253.0)	(44, 278.0)	(45, 276.0)	(46, 269.0)	(47, 261.0)	(48, 250.0)	(49, 291.0)	(50, 284.0)	(51, 631.0)	(52, 870.0)	(53, 1702.0)	(54, 1240.0)	(55, 674.0)	(56, 1459.0)	(57, 5182.0)	(58, 35506.0)	(59, 187440.0)	(60, 614263.0)	(61, 0.0)	(62, 0.0)	(63, 23248257.0)
SRR1039515_pass_2P	(36, 233.0)	(37, 284.0)	(38, 235.0)	(39, 236.0)	(40, 238.0)	(41, 237.0)	(42, 239.0)	(43, 232.0)	(44, 224.0)	(45, 299.0)	(46, 259.0)	(47, 255.0)	(48, 228.0)	(49, 285.0)	(50, 290.0)	(51, 332.0)	(52, 454.0)	(53, 719.0)	(54, 716.0)	(55, 578.0)	(56, 1410.0)	(57, 2907.0)	(58, 10076.0)	(59, 58757.0)	(60, 382987.0)	(61, 0.0)	(62, 0.0)	(63, 23638493.0)
SRR1039516_pass_1P	(36, 129.0)	(37, 134.0)	(38, 129.0)	(39, 153.0)	(40, 247.0)	(41, 158.0)	(42, 140.0)	(43, 178.0)	(44, 162.0)	(45, 176.0)	(46, 120.0)	(47, 164.0)	(48, 157.0)	(49, 187.0)	(50, 199.0)	(51, 983.0)	(52, 792.0)	(53, 1760.0)	(54, 1282.0)	(55, 660.0)	(56, 1595.0)	(57, 6702.0)	(58, 41850.0)	(59, 219235.0)	(60, 695022.0)	(61, 0.0)	(62, 0.0)	(63, 26256895.0)
SRR1039516_pass_2P	(36, 114.0)	(37, 140.0)	(38, 118.0)	(39, 144.0)	(40, 236.0)	(41, 152.0)	(42, 144.0)	(43, 166.0)	(44, 119.0)	(45, 219.0)	(46, 108.0)	(47, 130.0)	(48, 153.0)	(49, 153.0)	(50, 173.0)	(51, 273.0)	(52, 349.0)	(53, 688.0)	(54, 677.0)	(55, 569.0)	(56, 1530.0)	(57, 3438.0)	(58, 11973.0)	(59, 70668.0)	(60, 438698.0)	(61, 0.0)	(62, 0.0)	(63, 26698077.0)
SRR1039517_pass_1P	(36, 151.0)	(37, 4.0)	(38, 164.0)	(39, 169.0)	(40, 194.0)	(41, 328.0)	(42, 182.0)	(43, 186.0)	(44, 198.0)	(45, 182.0)	(46, 185.0)	(47, 228.0)	(48, 207.0)	(49, 251.0)	(50, 305.0)	(51, 1040.0)	(52, 982.0)	(53, 2155.0)	(54, 1604.0)	(55, 693.0)	(56, 1969.0)	(57, 8247.0)	(58, 52241.0)	(59, 269981.0)	(60, 872840.0)	(61, 0.0)	(62, 0.0)	(63, 33072472.0)
SRR1039517_pass_2P	(36, 151.0)	(37, 185.0)	(38, 155.0)	(39, 169.0)	(40, 135.0)	(41, 149.0)	(42, 167.0)	(43, 178.0)	(44, 172.0)	(45, 207.0)	(46, 166.0)	(47, 193.0)	(48, 191.0)	(49, 230.0)	(50, 260.0)	(51, 360.0)	(52, 491.0)	(53, 915.0)	(54, 745.0)	(55, 684.0)	(56, 1650.0)	(57, 4273.0)	(58, 15413.0)	(59, 90302.0)	(60, 551735.0)	(61, 0.0)	(62, 0.0)	(63, 33617882.0)
SRR1039518_pass_1P	(36, 1.0)	(37, 188.0)	(38, 171.0)	(39, 192.0)	(40, 207.0)	(41, 238.0)	(42, 226.0)	(43, 191.0)	(44, 205.0)	(45, 197.0)	(46, 221.0)	(47, 232.0)	(48, 242.0)	(49, 222.0)	(50, 278.0)	(51, 866.0)	(52, 960.0)	(53, 1909.0)	(54, 1450.0)	(55, 653.0)	(56, 1795.0)	(57, 6997.0)	(58, 46078.0)	(59, 237948.0)	(60, 773322.0)	(61, 0.0)	(62, 0.0)	(63, 29350724.0)
SRR1039518_pass_2P	(36, 184.0)	(37, 195.0)	(38, 150.0)	(39, 183.0)	(40, 185.0)	(41, 206.0)	(42, 192.0)	(43, 178.0)	(44, 149.0)	(45, 225.0)	(46, 198.0)	(47, 201.0)	(48, 224.0)	(49, 231.0)	(50, 254.0)	(51, 373.0)	(52, 487.0)	(53, 891.0)	(54, 808.0)	(55, 673.0)	(56, 1740.0)	(57, 3839.0)	(58, 13505.0)	(59, 80327.0)	(60, 491146.0)	(61, 0.0)	(62, 0.0)	(63, 29828969.0)
SRR1039519_pass_1P	(36, 145.0)	(37, 4.0)	(38, 205.0)	(39, 341.0)	(40, 184.0)	(41, 179.0)	(42, 181.0)	(43, 192.0)	(44, 177.0)	(45, 205.0)	(46, 216.0)	(47, 238.0)	(48, 208.0)	(49, 236.0)	(50, 234.0)	(51, 547.0)	(52, 758.0)	(53, 1476.0)	(54, 1091.0)	(55, 644.0)	(56, 1330.0)	(57, 5111.0)	(58, 32850.0)	(59, 171431.0)	(60, 560955.0)	(61, 0.0)	(62, 0.0)	(63, 21317347.0)
SRR1039519_pass_2P	(36, 143.0)	(37, 209.0)	(38, 144.0)	(39, 179.0)	(40, 171.0)	(41, 162.0)	(42, 176.0)	(43, 167.0)	(44, 143.0)	(45, 231.0)	(46, 221.0)	(47, 210.0)	(48, 200.0)	(49, 224.0)	(50, 225.0)	(51, 267.0)	(52, 408.0)	(53, 681.0)	(54, 586.0)	(55, 577.0)	(56, 1288.0)	(57, 2804.0)	(58, 9910.0)	(59, 56143.0)	(60, 354101.0)	(61, 0.0)	(62, 0.0)	(63, 21666915.0)
SRR1039520_pass_1P	(36, 39.0)	(37, 138.0)	(38, 137.0)	(39, 100.0)	(40, 144.0)	(41, 262.0)	(42, 166.0)	(43, 139.0)	(44, 137.0)	(45, 154.0)	(46, 158.0)	(47, 149.0)	(48, 148.0)	(49, 176.0)	(50, 164.0)	(51, 445.0)	(52, 663.0)	(53, 1517.0)	(54, 981.0)	(55, 541.0)	(56, 1120.0)	(57, 4685.0)	(58, 31887.0)	(59, 164263.0)	(60, 542532.0)	(61, 0.0)	(62, 0.0)	(63, 20516189.0)
SRR1039520_pass_2P	(36, 105.0)	(37, 121.0)	(38, 83.0)	(39, 123.0)	(40, 112.0)	(41, 113.0)	(42, 147.0)	(43, 130.0)	(44, 103.0)	(45, 162.0)	(46, 140.0)	(47, 122.0)	(48, 139.0)	(49, 157.0)	(50, 153.0)	(51, 210.0)	(52, 309.0)	(53, 574.0)	(54, 487.0)	(55, 510.0)	(56, 1190.0)	(57, 2480.0)	(58, 9387.0)	(59, 53956.0)	(60, 341211.0)	(61, 0.0)	(62, 0.0)	(63, 20854810.0)
SRR1039521_pass_1P	(36, 94.0)	(37, 166.0)	(38, 214.0)	(39, 215.0)	(40, 182.0)	(41, 359.0)	(42, 199.0)	(43, 222.0)	(44, 191.0)	(45, 201.0)	(46, 197.0)	(47, 193.0)	(48, 214.0)	(49, 210.0)	(50, 246.0)	(51, 587.0)	(52, 788.0)	(53, 1576.0)	(54, 1138.0)	(55, 589.0)	(56, 1318.0)	(57, 5374.0)	(58, 35296.0)	(59, 183442.0)	(60, 602134.0)	(61, 0.0)	(62, 0.0)	(63, 22639214.0)
SRR1039521_pass_2P	(36, 146.0)	(37, 162.0)	(38, 144.0)	(39, 146.0)	(40, 147.0)	(41, 157.0)	(42, 167.0)	(43, 159.0)	(44, 147.0)	(45, 206.0)	(46, 163.0)	(47, 174.0)	(48, 186.0)	(49, 198.0)	(50, 218.0)	(51, 305.0)	(52, 418.0)	(53, 747.0)	(54, 606.0)	(55, 653.0)	(56, 1357.0)	(57, 2931.0)	(58, 10569.0)	(59, 59882.0)	(60, 376867.0)	(61, 0.0)	(62, 0.0)	(63, 23017704.0)
SRR1039522_pass_1P	(36, 113.0)	(37, 260.0)	(38, 298.0)	(39, 251.0)	(40, 530.0)	(41, 237.0)	(42, 278.0)	(43, 262.0)	(44, 269.0)	(45, 263.0)	(46, 279.0)	(47, 274.0)	(48, 253.0)	(49, 284.0)	(50, 272.0)	(51, 657.0)	(52, 944.0)	(53, 2000.0)	(54, 1451.0)	(55, 801.0)	(56, 1608.0)	(57, 6157.0)	(58, 41740.0)	(59, 218445.0)	(60, 718527.0)	(61, 0.0)	(62, 0.0)	(63, 27120860.0)
SRR1039522_pass_2P	(36, 216.0)	(37, 286.0)	(38, 229.0)	(39, 248.0)	(40, 243.0)	(41, 214.0)	(42, 239.0)	(43, 242.0)	(44, 198.0)	(45, 312.0)	(46, 252.0)	(47, 246.0)	(48, 245.0)	(49, 269.0)	(50, 274.0)	(51, 347.0)	(52, 453.0)	(53, 840.0)	(54, 745.0)	(55, 693.0)	(56, 1806.0)	(57, 3311.0)	(58, 12306.0)	(59, 71139.0)	(60, 452591.0)	(61, 0.0)	(62, 0.0)	(63, 27569369.0)
SRR1039523_pass_1P	(36, 245.0)	(37, 200.0)	(38, 182.0)	(39, 8.0)	(40, 367.0)	(41, 205.0)	(42, 244.0)	(43, 218.0)	(44, 210.0)	(45, 204.0)	(46, 216.0)	(47, 216.0)	(48, 209.0)	(49, 252.0)	(50, 279.0)	(51, 753.0)	(52, 971.0)	(53, 2224.0)	(54, 1425.0)	(55, 675.0)	(56, 1564.0)	(57, 6840.0)	(58, 47611.0)	(59, 245282.0)	(60, 795643.0)	(61, 0.0)	(62, 0.0)	(63, 29983947.0)
SRR1039523_pass_2P	(36, 199.0)	(37, 191.0)	(38, 199.0)	(39, 167.0)	(40, 161.0)	(41, 171.0)	(42, 195.0)	(43, 181.0)	(44, 151.0)	(45, 238.0)	(46, 204.0)	(47, 193.0)	(48, 188.0)	(49, 247.0)	(50, 262.0)	(51, 334.0)	(52, 461.0)	(53, 911.0)	(54, 733.0)	(55, 828.0)	(56, 1717.0)	(57, 3631.0)	(58, 13530.0)	(59, 77280.0)	(60, 498633.0)	(61, 0.0)	(62, 0.0)	(63, 30489185.0)
